title,debut_date,order_id,first_100,first_200,first_300,first_400,first_500,first_600,first_700,first_800,first_900,first_1000,first_1100,first_1200,first_1300,first_1400,first_1500,first_1600,first_1700
46 Days,2002-12-14,1115,1.00,1.09,1.07,1.00,1.00,1.15,,,,,,,,,,,
555,2013-10-31,1395,1.00,1.06,1.00,,,,,,,,,,,,,,
A Day in the Life,1995-06-10,695,1.05,1.87,1.92,,2.91,2.91,2.64,2.92,2.82,2.71,,,,,,,
A Song I Heard the Ocean Sing,2004-06-17,1166,1.00,1.36,1.00,1.00,2.08,,,,,,,,,,,,
AC/DC Bag,1986-04-01,11,1.00,1.00,1.00,1.00,2.01,1.00,1.00,1.00,1.00,1.00,1.00,1.00,1.00,1.00,1.00,1.00,1.07
Acoustic Army,1995-06-07,692,1.42,,,,,,,,,,,,,,,,
Alaska,2009-06-09,1191,1.17,1.16,1.40,1.22,1.24,,,,,,,,,,,,
All Things Reconsidered,1991-09-25,305,1.08,1.00,1.00,1.15,1.35,1.16,,,,,,,,,,,
Also Sprach Zarathustra,1993-07-16,531,1.00,1.05,1.00,1.05,1.00,2.00,1.31,1.45,2.24,1.90,1.16,,,,,,
Alumni Blues,1985-10-30,7,1.00,1.20,2.36,,,2.72,2.73,,,,4.47,,1.00,1.09,1.21,1.00,1.70
Alumni Blues > Letter to Jimmy Page > Alumni Blues,1985-10-17,6,1.00,1.00,1.53,,,,,,,,,,,1.00,,,
Amazing Grace,1993-02-03,458,1.00,1.62,1.62,2.68,,1.88,,,,,,,,,,,
Avenu Malkenu,1987-05-11,23,1.05,1.06,1.06,1.72,2.32,2.33,1.42,,1.43,2.37,1.76,1.76,,,1.23,1.19,
Axilla,1992-11-19,434,1.00,1.00,1.75,1.13,1.00,1.00,1.00,1.00,1.20,1.00,1.08,1.17,,,,,
Axilla (Part II),1994-04-16,577,1.23,1.00,,,,,,,,,,,,,,,
Back on the Train,1999-06-30,995,1.00,1.00,1.06,1.00,1.09,1.15,1.08,,,,,,,,,,
Backwards Down the Number Line,2009-03-06,1182,1.00,1.08,1.22,1.83,1.67,,,,,,,,,,,,
Banter,1990-01-20,142,1.00,2.61,1.79,1.00,1.48,1.00,1.16,2.24,1.76,1.29,2.36,,2.86,4.00,1.20,,
Bathtub Gin,1989-05-26,102,1.00,1.38,1.49,1.64,1.26,1.27,1.21,1.00,1.00,1.20,1.12,1.11,1.00,1.00,1.20,1.43,
Beauty of My Dreams,1997-02-16,846,1.00,1.08,1.10,,1.75,,1.23,1.05,,,,,,,,,
Big Ball Jam,1992-11-21,436,1.59,2.32,2.52,,,,,,,,,,,,,,
Big Black Furry Creature from Mars,1987-08-21,27,1.33,2.71,1.98,1.72,2.90,1.00,2.43,1.64,2.43,1.07,2.36,2.36,1.06,1.64,1.54,1.07,
Billy Breathes,1995-09-27,715,1.18,1.24,1.03,1.23,1.23,2.21,2.67,1.44,1.59,,,,,,,,
Birds of a Feather,1998-04-02,925,1.00,1.40,1.00,1.67,1.12,1.18,1.13,,,,,,,,,,
Blaze On,2015-07-21,1446,1.00,1.00,,,,,,,,,,,,,,,
Bold As Love,1988-07-11,57,1.00,2.39,,4.00,4.00,4.00,4.00,1.91,2.82,1.90,2.90,1.92,1.83,1.91,1.76,4.47,
Boogie On Reggae Woman,1987-02-21,18,1.58,,,,,,,,2.27,1.09,1.32,1.08,1.34,1.22,2.56,1.00,2.80
Bouncing Around the Room,1990-01-20,142,1.04,1.00,1.00,1.08,1.00,1.00,1.08,1.09,1.33,1.19,1.00,1.24,1.17,1.30,1.00,,
Brian and Robert,1998-06-30,929,1.30,1.33,1.12,1.68,1.43,1.30,1.23,,,,,,,,,,
Brother,1991-09-25,305,1.00,1.75,1.26,,2.37,1.52,2.21,,1.00,1.00,1.00,,1.82,,,,
Bug,1999-06-30,995,1.13,1.74,2.39,1.43,2.29,1.39,2.72,,,,,,,,,,
Buried Alive,1990-09-13,200,1.00,1.00,1.00,1.00,1.00,1.00,1.00,1.00,1.00,1.00,1.00,1.00,1.00,1.00,1.00,,
Camel Walk,1984-11-03,2,1.01,,,,,,,1.56,1.00,1.27,1.76,1.05,1.06,1.09,1.17,1.12,1.63
Caravan,1990-01-20,142,1.11,2.12,,1.13,1.00,2.79,1.04,,,,,,,,,,
Carini,1997-02-17,847,1.00,1.00,1.00,1.46,2.00,1.17,1.00,1.00,,,,,,,,,
Carolina,1990-01-20,142,1.00,1.00,1.98,2.57,1.74,1.98,2.91,1.98,1.00,2.95,,,,1.00,1.00,,
Cars Trucks Buses,1995-09-27,715,1.00,1.00,1.09,1.00,1.08,1.00,1.00,1.02,1.04,1.13,,,,,,,
Cavern,1990-03-28,166,1.00,1.00,1.00,1.06,1.09,1.25,1.04,1.28,1.29,1.18,1.60,1.10,1.00,1.00,1.00,,
Chalk Dust Torture,1991-02-01,234,1.00,1.00,1.00,1.00,1.00,1.00,1.00,1.00,1.00,1.00,1.00,1.00,1.00,1.00,,,
Character Zero,1996-06-06,774,1.00,1.04,1.83,1.41,1.00,1.89,1.90,1.73,1.91,,,,,,,,
Cities,1984-12-01,3,1.00,,,,,,2.41,,1.00,1.00,1.00,1.00,1.00,1.08,1.09,1.22,2.31
Cold as Ice,1992-01-14,350,1.74,,,,,,,,,,,,,,,,
Colonel Forbin's Ascent,1988-03-12,43,1.00,1.17,1.14,1.09,1.24,1.39,1.29,1.50,2.48,1.74,2.25,1.28,1.00,2.15,1.07,,
Contact,1988-06-15,52,1.11,1.00,2.89,4.00,1.00,2.32,2.54,2.37,2.29,2.85,2.45,2.68,1.60,4.00,2.64,1.67,
Crosseyed and Painless,1996-10-31,816,1.26,,2.32,2.00,2.00,2.00,2.00,1.45,1.67,,,,,,,,
David Bowie,1986-10-31,15,1.00,1.00,1.00,1.74,1.00,1.00,1.25,1.13,1.62,1.24,1.21,1.00,1.00,1.25,1.19,1.77,1.85
Destiny Unbound,1990-09-14,201,1.35,1.19,,,,,,,,1.12,1.07,1.14,1.28,1.18,1.53,,
Dinner and a Movie,1987-11-19,34,1.00,1.00,1.00,1.31,1.68,1.53,2.35,1.00,2.07,,2.00,1.07,1.00,1.00,,1.40,
Dirt,1997-06-06,860,1.18,1.15,1.28,1.46,1.30,1.64,1.80,2.18,,,,,,,,,
Divided Sky,1987-05-11,23,1.00,1.00,1.00,1.07,1.11,1.00,1.00,1.00,1.06,1.11,1.21,1.00,1.14,1.05,1.00,1.26,1.21
Dog Faced Boy,1994-04-14,575,1.56,1.53,1.77,1.69,2.44,1.34,1.48,1.66,1.35,2.00,1.72,,,,,,
Dogs Stole Things,1997-06-06,860,1.00,1.13,1.06,,1.00,,1.00,1.11,,,,,,,,,
Down with Disease,1994-04-04,567,1.00,1.05,1.00,1.00,1.00,1.00,1.00,1.00,1.09,1.06,1.17,,,,,,
Driver,1998-10-17,964,1.01,1.35,1.21,1.52,1.57,1.52,1.82,,,,,,,,,,
Drowned,1995-10-31,739,2.00,1.21,1.03,1.38,1.69,2.00,2.00,2.00,2.08,,,,,,,,
Esther,1988-09-12,70,1.00,1.10,1.13,1.19,1.24,1.47,1.22,1.32,1.27,,1.77,1.38,2.25,1.39,1.39,,
Farmhouse,1997-11-16,902,1.10,1.00,1.60,1.44,1.51,1.00,1.34,1.06,,,,,,,,,
Fast Enough for You,1992-11-19,434,1.34,1.28,1.16,1.20,1.39,1.44,1.39,1.47,1.78,1.34,1.39,1.15,,,,,
Fee,1987-08-10,26,1.00,1.00,1.26,1.18,1.11,1.00,1.00,1.00,1.67,1.37,1.22,1.09,1.00,1.00,2.22,4.00,4.33
Fire,1984-12-01,3,1.00,1.93,1.94,4.00,4.00,4.00,2.00,1.52,2.90,1.90,2.93,1.92,4.00,2.86,2.94,1.70,1.94
First Tube,1999-09-09,1018,1.00,1.88,1.00,1.00,1.89,1.00,3.09,,,,,,,,,,
Fluffhead,1984-12-01,3,1.00,1.00,1.00,1.33,1.36,1.28,1.06,1.14,1.19,1.13,1.61,1.00,1.00,1.35,2.32,1.00,1.00
Fly Famous Mockingbird,1988-02-07,37,1.09,1.32,1.30,1.23,1.32,1.55,1.38,1.65,,1.92,2.46,1.35,1.06,2.23,1.15,,
Foam,1988-10-29,73,1.00,1.00,1.00,1.03,1.06,1.07,1.05,1.07,1.09,1.55,1.22,1.08,1.15,1.10,1.31,4.00,
Frankenstein,1989-11-11,129,1.89,1.92,,,1.92,1.00,1.92,1.00,1.64,1.09,1.74,1.00,1.56,1.94,4.00,,
Frankie Says,1998-04-02,925,1.04,1.42,1.43,2.54,2.10,1.34,,,,,,,,,,,
Free,1995-05-16,691,1.19,1.21,1.49,1.12,1.58,1.62,1.00,1.00,1.00,1.00,,,,,,,
Free Bird,1987-03-06,19,2.00,,,,,1.94,4.00,,,1.34,2.83,,4.00,,,,
Fuego,2013-10-31,1395,1.00,1.09,1.53,,,,,,,,,,,,,,
Funky Bitch,1986-12-06,16,1.00,1.09,1.63,2.83,1.00,1.00,1.79,1.08,1.12,1.00,1.00,1.00,1.08,1.00,1.06,1.07,1.42
Ghost,1997-06-06,860,1.00,1.00,1.15,1.30,1.10,1.00,1.00,1.00,,,,,,,,,
Ginseng Sullivan,1993-08-11,550,1.24,1.15,1.48,1.13,1.00,1.30,1.40,1.45,1.19,1.54,1.30,,,,,,
Glide,1991-09-27,307,1.00,1.00,1.12,1.21,1.60,1.61,1.84,1.66,1.34,1.33,1.09,1.00,1.49,1.62,,,
Golden Age,2009-11-27,1222,2.00,2.00,2.00,2.00,2.23,,,,,,,,,,,,
Golgi Apparatus,1986-10-12,13,1.00,1.00,1.00,1.00,1.00,1.08,1.00,1.00,1.77,1.00,1.11,1.00,1.00,1.09,1.00,2.54,1.93
Good Times Bad Times,1986-12-06,16,1.19,1.88,1.93,4.00,2.91,1.94,2.89,1.88,1.88,1.89,2.93,1.90,2.93,1.91,1.92,1.94,2.93
Gotta Jibboo,1999-09-10,1019,1.00,1.12,1.00,1.14,2.00,1.07,1.41,,,,,,,,,,
Guelah Papyrus,1991-02-01,234,1.10,1.06,1.06,1.06,1.08,1.07,1.35,1.20,1.12,1.82,1.09,1.30,1.07,1.12,,,
Gumbo,1990-09-28,207,1.85,,,2.91,1.07,1.12,1.09,1.00,1.11,1.15,1.14,1.14,1.00,1.20,1.20,,
Guyute,1994-10-07,641,1.19,1.15,1.00,1.00,1.00,1.13,1.11,1.45,1.21,1.23,,,,,,,
Ha Ha Ha,1995-05-16,691,1.06,1.00,2.64,1.00,2.45,1.44,1.05,1.14,1.16,,,,,,,,
Halfway to the Moon,2010-06-19,1241,1.52,1.27,1.31,1.24,,,,,,,,,,,,,
Halley's Comet,1986-10-12,13,1.10,,,,2.00,1.00,1.00,1.76,2.00,1.12,1.37,1.04,1.25,1.25,1.06,1.05,1.16
Harpua,1987-05-11,23,1.00,2.56,2.75,2.59,2.71,1.16,2.23,1.83,1.06,2.32,,2.54,1.00,2.50,4.10,2.54,
Harry Hood,1985-10-30,7,1.00,1.31,1.42,1.48,2.23,1.22,1.74,1.09,1.26,1.60,1.00,1.00,1.58,2.21,2.47,1.11,2.78
Heavy Things,1999-09-11,1020,1.00,1.22,1.00,1.00,1.06,1.28,,,,,,,,,,,
Hello My Baby,1995-09-27,715,1.45,1.76,1.00,1.96,2.68,,,,,1.00,,,,,,,
Highway to Hell,1989-10-01,116,1.93,2.92,2.95,2.93,2.93,2.94,1.93,1.07,,,1.80,,,,,,
Hold Your Head Up,1990-06-05,194,1.77,1.79,1.77,2.58,2.61,1.58,2.62,1.84,2.58,1.87,1.71,1.49,2.83,4.00,4.00,,
Hold Your Head Up > Love You > Hold Your Head Up,1990-06-07,195,1.85,1.63,2.56,2.72,2.74,,,,2.81,,,,,,,,
Horn,1990-05-24,190,1.23,1.48,1.06,1.06,1.06,1.00,1.18,1.09,1.24,1.17,1.52,1.44,1.24,1.36,1.41,,
"I''m Blue, I''m Lonesome",1994-11-16,667,1.42,,1.27,1.52,2.64,,,,,,,,,,,,
I Am Hydrogen,1986-10-15,14,1.14,1.03,1.13,1.84,1.86,2.29,2.14,2.32,1.22,1.42,1.51,1.10,1.10,1.09,1.17,1.10,
I Didn't Know,1987-11-18,33,1.00,1.00,1.07,1.35,1.46,1.26,1.00,1.41,1.40,1.44,1.25,1.33,1.24,1.36,1.51,1.34,
If I Could,1994-04-04,567,1.22,1.21,1.35,2.28,,1.88,1.90,1.70,2.19,,1.10,,,,,,
It's Ice,1991-09-25,305,1.13,1.05,1.10,1.07,1.32,1.00,1.34,1.15,1.16,1.22,1.29,1.26,1.37,1.77,,,
Jam,1986-10-31,15,1.00,,,2.72,1.36,2.77,2.08,1.20,1.18,2.10,1.79,2.34,2.00,,,,
Jesus Just Left Chicago,1987-08-10,26,1.46,1.83,2.33,2.60,2.26,2.47,1.52,3.66,1.16,1.38,1.43,2.24,1.16,1.46,1.37,1.48,
Joy,2009-06-07,1190,1.38,1.68,2.41,1.60,2.64,,,,,,,,,,,,
Julius,1994-04-04,567,1.10,1.00,1.00,1.00,1.00,1.00,1.00,1.26,1.00,1.00,1.91,,,,,,
Kill Devil Falls,2009-06-02,1186,1.00,1.00,1.00,1.00,1.18,,,,,,,,,,,,
Kung,1989-11-02,125,2.38,,,1.49,1.48,1.00,1.16,2.47,2.44,2.79,2.16,2.98,2.69,,4.44,,
La Grange,1987-08-09,25,1.00,1.06,4.48,,,1.90,,2.81,1.90,1.00,4.00,,,1.94,,,
Lawn Boy,1989-11-30,131,1.15,1.73,1.74,1.61,1.83,1.56,1.43,1.68,1.14,1.24,1.27,1.22,1.33,1.14,1.29,,
Letter to Jimmy Page,1985-10-30,7,1.08,1.27,2.43,,,,1.27,,,,,,1.05,1.12,1.25,1.07,1.75
Lifeboy,1993-02-03,458,2.31,1.76,1.75,1.37,2.48,1.44,1.45,2.15,2.24,,2.19,1.81,,,,,
Light,2009-05-31,1185,1.67,2.04,2.17,1.07,2.27,,,,,,,,,,,,
Limb By Limb,1997-06-06,860,1.00,1.00,1.00,1.16,1.18,1.51,1.16,1.54,,,,,,,,,
Llama,1990-10-30,216,1.00,1.00,1.00,1.00,1.00,1.10,1.09,1.00,1.00,1.00,1.00,1.00,1.00,1.00,,,
Love You,1987-10-31,32,1.52,1.95,2.68,2.76,2.65,2.83,2.70,,,,2.62,1.89,1.74,,4.08,,
Loving Cup,1993-02-03,458,1.00,1.00,1.28,1.89,1.86,1.32,2.81,1.00,2.91,4.00,2.89,2.04,,,,,
Magilla,1990-09-13,200,1.36,1.66,1.79,1.00,,,2.13,2.30,1.94,1.80,,,,,,,
Makisupa Policeman,1984-12-01,3,1.13,1.71,2.19,,,1.10,1.00,1.00,1.00,1.00,2.28,1.82,2.26,2.19,2.57,2.47,1.88
Martian Monster,2014-10-31,1439,1.00,1.00,,,,,,,,,,,,,,,
Maze,1992-01-14,350,1.00,1.00,1.00,1.00,1.00,1.11,1.39,1.10,1.06,1.00,1.00,1.34,1.47,,,,
McGrupp and the Watchful Hosemasters,1985-10-17,6,1.00,1.08,1.00,1.74,1.78,2.16,1.72,1.70,2.24,1.44,2.44,1.81,1.22,1.70,1.21,1.15,
Meat,1998-07-02,931,1.00,1.00,1.18,1.31,1.09,1.26,1.12,,,,,,,,,,
Meatstick,1997-06-25,869,2.40,1.61,1.63,2.06,1.00,1.21,2.00,1.25,,,,,,,,,
Memories,1991-09-26,306,1.00,1.58,1.82,4.56,,,,,,,,,,,,,
Mike's Song,1985-05-03,5,1.00,1.00,1.05,1.74,1.73,2.00,2.00,1.05,1.00,1.00,1.25,1.00,1.00,1.00,1.00,1.00,1.59
Mound,1992-01-14,350,1.40,1.08,1.13,1.00,1.16,,,1.63,1.25,1.39,1.06,1.25,1.36,,,,
"My Friend, My Friend",1992-01-14,350,1.08,1.07,1.00,1.00,1.00,1.00,1.00,1.00,1.00,1.11,1.05,1.00,1.17,,,,
My Mind's Got a Mind of its Own,1992-01-14,350,1.08,1.25,1.68,1.12,1.44,1.14,1.30,1.19,1.30,1.13,1.75,,,,,,
My Soul,1997-02-13,844,1.00,1.00,1.00,1.14,1.00,1.00,1.00,1.12,,,,,,,,,
My Sweet One,1989-09-09,113,1.04,1.00,1.00,1.00,1.70,1.77,1.50,,1.35,1.64,1.00,1.16,1.05,1.09,1.40,1.19,
Narration,1988-06-21,55,1.14,,1.39,1.31,1.48,1.07,,,1.81,,,,,,,,
Nellie Kane,1993-02-23,475,1.06,1.36,2.64,,,1.47,2.71,1.20,1.00,1.23,1.36,1.33,,,,,
NICU,1992-01-14,350,1.03,,1.26,1.10,1.07,1.00,1.00,1.00,1.06,1.11,1.10,1.08,1.07,,,,
No Men In No Man's Land,2015-07-21,1446,1.00,1.05,,,,,,,,,,,,,,,
Ocelot,2009-05-31,1185,1.06,1.08,1.07,1.16,1.13,,,,,,,,,,,,
Party Time,2009-08-15,1210,1.00,1.00,1.00,1.00,1.02,,,,,,,,,,,,
Paul and Silas,1990-09-13,200,1.16,1.05,1.49,1.17,1.39,1.11,1.10,1.00,,,1.00,1.76,1.16,,,,
Peaches en Regalia,1986-10-15,14,1.00,,,,,1.00,1.00,,1.00,,1.39,,1.08,1.12,,1.03,
Piper,1997-06-06,860,1.00,1.00,1.00,1.00,2.09,2.12,2.21,2.24,,,,,,,,,
Poor Heart,1988-08-04,65,1.70,,1.08,1.00,1.02,1.04,1.00,1.00,1.07,1.00,1.24,1.25,1.13,1.06,1.15,1.60,
Possum,1985-10-30,7,1.00,1.00,1.00,1.00,1.04,1.05,1.00,1.39,1.85,1.00,1.00,1.16,1.00,1.00,1.12,1.00,1.87
Prince Caspian,1995-06-08,693,1.00,1.12,1.86,1.68,1.66,1.18,1.00,1.00,1.28,1.33,,,,,,,
Punch You In the Eye,1989-08-17,110,1.34,,,1.15,1.19,1.15,1.00,1.00,1.00,1.00,1.00,1.00,1.00,1.00,1.09,,
Quinn the Eskimo,1986-04-01,11,1.00,,,,,,,,,1.07,1.32,,1.20,1.91,4.00,2.89,
Reba,1989-10-01,116,1.00,1.00,1.05,1.13,1.11,1.11,1.10,1.25,1.18,1.00,1.00,1.20,1.17,1.21,1.23,1.44,
Rift,1990-02-25,157,1.61,1.00,1.00,1.00,1.00,1.00,1.08,1.42,1.09,1.00,1.00,1.09,1.05,1.07,1.15,,
Rock and Roll,1998-10-31,970,1.00,1.08,1.35,1.22,1.00,1.90,3.75,,,,,,,,,,
Rocky Top,1987-09-21,30,1.22,1.38,1.07,1.92,1.86,2.93,4.00,4.00,1.00,1.95,2.87,1.80,1.00,2.56,2.66,2.96,
Roggae,1998-06-30,929,1.00,1.17,1.34,1.20,1.17,1.24,1.00,,,,,,,,,,
Roses Are Free,1997-12-11,918,1.00,1.26,1.00,1.06,1.20,1.26,1.21,,,,,,,,,,
Run Like an Antelope,1985-05-03,5,1.06,1.00,1.81,1.80,1.63,1.41,1.20,1.12,1.58,1.07,1.37,1.67,1.84,1.00,1.80,1.86,1.75
Runaway Jim,1990-03-28,166,1.00,1.00,1.00,1.00,1.00,1.00,1.00,1.00,1.00,1.00,1.00,1.00,1.00,1.18,1.24,,
Sample in a Jar,1993-02-04,459,1.00,1.00,1.00,1.00,1.00,1.00,1.00,1.00,1.00,1.00,1.00,1.23,,,,,
Sand,1999-09-11,1020,1.36,1.08,1.39,1.00,1.10,1.00,3.19,,,,,,,,,,
Sanity,1986-10-15,14,1.40,,,2.00,,1.86,2.61,3.81,1.00,2.21,,1.00,1.22,2.91,1.74,1.45,
Saw It Again,1997-06-06,860,1.59,1.63,1.04,2.18,1.78,1.36,1.37,1.63,,,,,,,,,
Scent of a Mule,1994-04-04,567,1.13,1.00,1.41,1.62,1.18,1.17,1.45,1.18,1.12,1.57,1.37,,,,,,
Scents and Subtle Sounds,2003-07-07,1133,1.00,2.63,2.18,2.32,2.04,,,,,,,,,,,,
Seven Below,2002-12-31,1117,1.00,1.52,1.65,1.15,2.23,,,,,,,,,,,,
Show of Life,2010-06-11,1235,2.63,2.83,2.92,2.67,,,,,,,,,,,,,
Silent in the Morning,1992-01-14,350,1.34,1.32,1.29,1.26,1.55,1.55,1.35,1.65,1.62,2.20,1.29,2.29,1.37,,,,
Simple,1994-05-27,609,1.00,1.12,1.15,1.09,1.09,1.24,2.10,1.15,1.00,1.00,2.00,,,,,,
Slave to the Traffic Light,1984-12-01,3,1.00,1.25,2.66,2.51,,1.78,1.86,1.09,1.84,1.83,1.35,1.50,1.18,1.87,1.00,2.33,2.88
Sleeping Monkey,1992-01-14,350,1.49,4.00,4.00,2.27,2.54,2.41,1.79,1.94,4.00,4.00,4.00,2.81,4.00,,,,
Sneakin' Sally Through the Alley,1985-10-30,7,1.00,,,,,,,,,1.00,1.16,1.42,1.48,1.45,2.50,2.28,2.66
Sparkle,1991-09-25,305,1.00,1.05,1.06,1.05,1.12,1.15,1.21,1.12,1.30,1.24,1.00,1.27,1.57,1.40,,,
Split Open and Melt,1989-04-15,91,1.00,1.33,1.07,1.09,1.00,1.08,1.00,1.00,1.24,1.11,1.19,1.38,1.76,1.55,1.66,1.88,
Stash,1990-09-13,200,1.09,1.00,1.07,1.09,1.19,1.00,1.07,1.00,1.25,1.00,1.23,1.21,1.00,1.00,1.25,,
Stealing Time From the Faulty Plan,2009-06-02,1186,1.00,1.00,1.00,1.00,1.05,,,,,,,,,,,,
Steam,2011-06-04,1291,2.10,1.27,1.42,1.27,,,,,,,,,,,,,
Strange Design,1995-05-16,691,1.14,1.49,1.52,1.22,1.52,1.21,1.29,1.26,,1.77,,,,,,,
Sugar Shack,2009-06-07,1190,1.22,1.34,1.22,1.12,1.16,,,,,,,,,,,,
Suzy Greenberg,1987-02-13,17,1.00,1.00,1.00,1.00,1.00,1.00,1.00,1.00,1.79,1.02,1.15,1.25,1.06,1.00,1.91,1.11,2.92
Sweet Adeline,1990-03-28,166,1.00,1.00,1.00,1.00,1.15,1.76,1.47,1.71,4.00,,,2.98,,1.00,,,
Take the 'A' Train,1987-04-29,22,1.00,1.00,1.36,1.60,1.81,2.52,,,,,,,,,,,
Taste,1995-06-07,692,1.13,1.00,1.00,1.06,1.00,1.25,1.23,1.13,2.00,1.48,,,,,,,
Tela,1988-03-12,43,1.32,1.20,1.34,1.46,1.65,1.24,1.30,1.27,1.67,1.41,,1.54,1.42,1.17,1.42,1.57,
Terrapin,1987-09-21,30,1.92,2.67,1.82,2.73,2.71,2.80,,2.59,,4.00,,2.70,,,,4.09,
The Ballad of Curtis Loew,1987-04-29,22,1.00,2.52,,,2.18,2.24,,,,,,2.72,1.38,1.45,1.61,,1.25
The Curtain,1988-02-24,40,1.00,1.14,1.00,1.00,1.12,1.00,1.36,1.00,1.00,1.09,1.14,,1.10,1.48,,1.28,
The Curtain With,1987-08-09,25,1.00,,,,,,,,,,1.08,1.10,1.16,1.05,1.00,1.00,
The Horse,1992-01-14,350,1.33,1.30,1.27,1.24,1.53,1.53,1.33,1.64,1.61,1.53,2.63,2.72,1.35,,,,
The Landlady,1990-09-13,200,1.00,1.00,1.00,1.00,1.61,,,,,,,,1.00,,1.00,,
The Line,2013-10-31,1395,1.00,1.43,,,,,,,,,,,,,,,
The Lizards,1988-01-27,35,1.00,1.15,1.19,1.25,1.31,1.10,1.37,1.28,1.35,1.28,1.30,1.57,2.39,2.19,2.44,1.29,
The Man Who Stepped Into Yesterday,1987-05-11,23,1.00,1.00,1.00,1.67,2.27,2.27,1.37,,1.38,2.31,1.71,1.73,,,1.18,1.15,
The Mango Song,1989-03-30,89,1.62,1.00,1.14,1.76,1.59,1.27,1.38,1.57,2.09,2.19,1.34,1.00,1.54,1.42,2.72,1.72,
The Moma Dance,1998-06-30,929,1.00,1.00,1.04,1.04,1.00,1.00,1.00,,,,,,,,,,
The Oh Kee Pa Ceremony,1989-08-17,110,1.00,1.00,1.00,1.04,1.12,1.37,1.00,1.07,1.00,1.62,1.53,1.04,1.09,2.80,1.38,,
The Old Home Place,1994-06-26,626,1.21,1.00,1.13,1.17,1.16,1.48,1.57,1.24,1.20,1.25,,,,,,,
The Sloth,1987-08-09,25,1.12,1.00,1.00,1.00,1.17,1.03,1.20,1.08,1.14,1.10,1.15,1.00,1.00,1.00,1.33,1.14,
The Squirming Coil,1990-01-20,142,1.00,1.08,1.00,1.23,1.61,1.79,1.35,1.00,1.76,1.30,1.35,1.00,1.88,1.86,1.65,,
The Wedge,1993-02-03,458,1.32,,1.36,2.57,1.00,1.39,1.18,1.32,1.09,1.00,1.00,1.27,,,,,
Theme From the Bottom,1995-05-16,691,1.00,1.00,1.00,1.50,1.19,1.00,1.29,1.29,1.00,1.32,,,,,,,
Timber (Jerry The Mule),1987-04-29,22,1.54,1.71,,,1.79,,2.00,1.23,1.07,2.00,1.15,1.28,1.25,1.09,1.00,1.13,
Train Song,1996-07-21,788,1.43,1.28,1.62,1.78,1.42,1.83,1.13,1.25,1.38,,,,,,,,
Tube,1990-09-13,200,1.35,1.00,2.24,1.07,4.46,1.49,1.22,1.00,1.00,1.58,1.00,1.00,1.00,1.09,1.06,,
Tweezer,1990-03-28,166,1.11,1.20,1.18,1.22,1.56,1.46,1.10,1.00,1.00,1.00,1.00,1.00,2.00,1.00,1.02,,
Tweezer Reprise,1991-02-01,234,1.38,1.93,2.94,1.95,1.00,1.00,1.95,1.94,1.84,1.85,1.00,2.93,2.92,1.00,,,
Twenty Years Later,2009-06-05,1188,1.41,1.47,2.35,1.76,1.62,,,,,,,,,,,,
Twist,1997-06-06,860,1.27,1.18,1.00,2.13,2.00,1.04,2.17,1.10,,,,,,,,,
Uncle Pen,1990-03-28,166,1.00,1.00,1.00,1.16,1.13,1.09,1.07,1.13,1.00,1.32,1.17,1.11,,1.08,,,
Undermind,2009-03-08,1184,1.27,1.18,1.05,1.24,1.00,,,,,,,,,,,,
Vultures,1997-06-06,860,1.19,1.15,1.39,1.14,1.11,1.25,1.31,1.33,,,,,,,,,
Wading in the Velvet Sea,1997-06-06,860,1.65,1.21,2.43,1.65,1.76,1.79,2.69,2.52,,,,,,,,,
Waiting All Night,2013-10-31,1395,1.00,1.19,2.74,,,,,,,,,,,,,,
Walk Away,1988-07-23,59,1.00,1.24,4.25,,2.00,2.62,,,,2.25,2.54,1.38,1.45,1.42,1.66,1.90,
Walls of the Cave,2002-12-31,1117,1.00,1.24,1.77,1.84,1.83,1.87,,,,,,,,,,,
Waste,1996-06-06,774,1.48,1.73,1.27,2.30,1.80,2.53,2.65,2.30,1.50,,,,,,,,
Water in the Sky,1997-06-06,860,1.00,1.00,1.12,1.00,1.35,1.11,1.15,1.21,,,,,,,,,
Waves,2002-12-31,1117,1.18,2.26,2.00,2.11,1.22,2.21,,,,,,,,,,,
Weekapaug Groove,1988-07-23,59,1.09,1.09,1.50,1.91,2.23,2.18,1.31,2.43,1.23,1.48,1.28,1.13,1.12,1.18,1.10,1.14,
Weigh,1992-01-14,350,1.12,1.10,1.17,1.17,1.09,1.24,1.83,,1.23,1.29,1.03,1.20,1.21,,,,
What's the Use?,1999-07-04,998,1.09,1.34,1.47,2.73,2.17,1.00,1.78,,,,,,,,,,
When the Circus Comes,1997-02-13,844,1.51,1.48,1.44,1.29,1.44,1.56,1.22,1.75,,,,,,,,,
While My Guitar Gently Weeps,1994-10-31,660,1.91,1.90,,3.83,1.91,2.69,1.91,1.90,,1.78,,,,,,,
Whipping Post,1985-11-23,9,1.10,1.00,,2.83,,,,2.67,,,1.33,,,,,,
Wilson,1986-10-12,13,1.00,1.00,1.06,1.00,1.03,1.00,1.00,1.00,1.00,1.00,1.00,1.00,1.00,1.00,1.00,1.06,1.00
Wingsuit,2013-10-31,1395,1.28,1.26,1.40,,,,,,,,,,,,,,
Wolfman's Brother,1994-04-04,567,1.44,1.00,1.08,1.00,1.00,1.00,1.05,1.00,1.00,1.00,1.19,,,,,,
Ya Mar,1987-02-21,18,1.00,1.07,1.04,1.08,2.34,1.10,1.00,1.00,1.00,1.00,1.00,1.08,1.17,1.19,1.18,1.29,
Yarmouth Road,2013-07-05,1362,1.14,1.13,1.29,,,,,,,,,,,,,,
You Enjoy Myself,1986-02-03,10,1.00,1.02,1.07,1.42,1.45,1.07,1.16,1.29,1.00,1.03,1.74,1.00,1.80,1.06,1.74,1.00,2.67
