title,debut_date,order_id,first_100,first_200,first_300,first_400,first_500,first_600,first_700,first_800,first_900,first_1000,first_1100,first_1200,first_1300,first_1400,first_1500,first_1600,first_1700
46 Days,2002-12-14,1115,3.00,2.51,2.88,3.00,2.90,1.45,,,,,,,,,,,
555,2013-10-31,1395,3.67,3.63,1.30,,,,,,,,,,,,,,
A Day in the Life,1995-06-10,695,4.51,4.00,4.00,,4.00,4.00,4.00,4.75,4.00,2.71,,,,,,,
A Song I Heard the Ocean Sing,2004-06-17,1166,2.36,1.69,2.44,3.33,3.39,,,,,,,,,,,,
AC/DC Bag,1986-04-01,11,3.79,2.81,4.83,2.79,4.16,4.00,2.86,2.82,2.40,2.26,2.36,2.71,2.00,1.17,1.35,2.00,1.08
Acoustic Army,1995-06-07,692,4.00,,,,,,,,,,,,,,,,
Alaska,2009-06-09,1191,2.64,3.63,1.46,1.80,2.26,,,,,,,,,,,,
All Things Reconsidered,1991-09-25,305,4.00,2.70,2.52,1.81,1.35,1.53,,,,,,,,,,,
Also Sprach Zarathustra,1993-07-16,531,2.00,3.06,3.14,3.00,3.08,2.93,3.67,3.68,4.00,3.54,4.35,,,,,,
Alumni Blues,1985-10-30,7,2.98,3.72,2.45,,,2.72,2.73,,,,4.47,,1.15,1.96,1.27,2.51,1.76
Alumni Blues > Letter to Jimmy Page > Alumni Blues,1985-10-17,6,3.18,2.50,4.90,,,,,,,,,,,1.00,,,
Amazing Grace,1993-02-03,458,4.80,4.87,4.86,4.00,,1.88,,,,,,,,,,,
Avenu Malkenu,1987-05-11,23,3.18,2.19,2.57,2.82,2.78,2.65,2.52,,2.56,2.49,2.32,2.57,,,1.23,1.19,
Axilla,1992-11-19,434,2.46,2.05,1.75,2.50,2.75,2.83,4.00,4.57,2.53,2.41,2.72,2.19,,,,,
Axilla (Part II),1994-04-16,577,2.57,2.42,,,,,,,,,,,,,,,
Back on the Train,1999-06-30,995,2.68,2.00,3.13,2.52,2.74,1.81,2.74,,,,,,,,,,
Backwards Down the Number Line,2009-03-06,1182,4.68,4.00,4.00,3.71,2.81,,,,,,,,,,,,
Banter,1990-01-20,142,4.00,4.00,4.00,4.27,4.00,1.00,2.91,4.00,2.00,2.12,4.00,,2.91,4.00,1.71,,
Bathtub Gin,1989-05-26,102,2.81,3.40,2.49,2.52,2.18,2.27,4.00,2.29,2.51,2.71,2.20,2.60,2.48,4.00,2.82,2.24,
Beauty of My Dreams,1997-02-16,846,4.00,1.80,2.25,,1.75,,1.23,1.05,,,,,,,,,
Big Ball Jam,1992-11-21,436,4.30,2.94,2.73,,,,,,,,,,,,,,
Big Black Furry Creature from Mars,1987-08-21,27,3.94,4.67,4.63,4.69,4.58,4.48,2.72,2.90,2.43,1.08,2.80,2.46,2.35,4.00,1.65,4.50,
Billy Breathes,1995-09-27,715,2.70,4.00,1.70,2.53,2.67,2.21,2.67,2.79,2.45,,,,,,,,
Birds of a Feather,1998-04-02,925,4.00,2.58,2.60,2.51,3.48,2.46,2.71,,,,,,,,,,
Blaze On,2015-07-21,1446,3.33,2.86,,,,,,,,,,,,,,,
Bold As Love,1988-07-11,57,3.90,2.58,,4.00,4.40,4.41,4.00,4.00,4.00,4.68,4.34,4.45,4.00,4.51,4.41,4.47,
Boogie On Reggae Woman,1987-02-21,18,3.45,,,,,,,,2.27,2.56,4.00,2.83,4.00,4.00,4.00,2.79,2.80
Bouncing Around the Room,1990-01-20,142,4.00,4.00,4.00,2.59,4.00,4.00,4.00,4.00,4.00,4.00,4.32,2.74,4.00,4.36,4.00,,
Brian and Robert,1998-06-30,929,4.43,4.00,2.75,1.83,1.45,1.62,4.00,,,,,,,,,,
Brother,1991-09-25,305,4.39,1.75,1.26,,2.37,3.00,2.34,,2.73,2.58,1.00,,1.82,,,,
Bug,1999-06-30,995,4.00,4.47,4.00,4.00,4.15,4.37,4.62,,,,,,,,,,
Buried Alive,1990-09-13,200,2.82,3.78,2.83,2.42,2.45,2.36,2.00,2.00,1.00,2.43,1.00,2.98,1.17,1.05,1.22,,
Camel Walk,1984-11-03,2,3.74,,,,,,,1.56,2.78,4.00,4.22,2.61,3.35,4.00,2.26,1.69,1.63
Caravan,1990-01-20,142,4.00,4.00,,2.09,4.00,2.79,1.04,,,,,,,,,,
Carini,1997-02-17,847,4.00,4.00,2.64,4.30,2.78,3.20,3.54,2.68,,,,,,,,,
Carolina,1990-01-20,142,4.00,4.87,4.91,4.72,4.00,2.51,4.89,1.98,1.95,2.95,,,,1.00,1.00,,
Cars Trucks Buses,1995-09-27,715,2.53,2.65,1.66,2.71,1.82,1.32,1.07,1.02,1.04,1.13,,,,,,,
Cavern,1990-03-28,166,4.00,4.47,4.53,4.66,4.72,4.00,4.53,4.38,4.46,4.00,4.35,4.00,2.93,4.47,4.75,,
Chalk Dust Torture,1991-02-01,234,4.51,4.51,4.26,4.00,4.00,4.00,4.00,4.38,4.23,2.92,4.42,3.19,2.89,2.88,,,
Character Zero,1996-06-06,774,4.22,4.00,4.61,4.46,4.47,4.45,4.65,4.50,4.57,,,,,,,,
Cities,1984-12-01,3,3.20,,,,,,2.41,,4.00,2.46,4.00,2.65,2.55,2.55,3.37,4.29,2.31
Cold as Ice,1992-01-14,350,2.96,,,,,,,,,,,,,,,,
Colonel Forbin's Ascent,1988-03-12,43,3.51,2.08,2.31,2.05,2.50,2.55,2.18,2.29,2.48,1.74,2.25,1.28,1.43,2.15,1.69,,
Contact,1988-06-15,52,4.00,4.63,4.52,4.13,4.17,4.00,2.88,4.00,4.00,4.00,4.00,4.10,4.00,4.00,4.00,4.38,
Crosseyed and Painless,1996-10-31,816,2.11,,2.44,2.13,2.55,2.60,2.71,2.45,2.24,,,,,,,,
David Bowie,1986-10-31,15,4.36,2.89,4.23,2.77,2.55,2.85,3.00,3.00,4.44,3.09,2.85,4.00,2.87,2.88,3.66,2.65,1.89
Destiny Unbound,1990-09-14,201,2.79,2.73,,,,,,,,1.84,2.40,1.54,1.61,1.60,1.54,,
Dinner and a Movie,1987-11-19,34,3.61,2.65,4.00,2.82,2.59,2.00,2.35,1.70,2.07,,2.00,1.62,1.19,1.06,,1.40,
Dirt,1997-06-06,860,3.45,4.00,2.35,2.69,2.70,2.57,2.68,2.40,,,,,,,,,
Divided Sky,1987-05-11,23,3.67,4.00,4.17,2.48,1.77,2.67,2.56,2.11,2.15,4.00,2.16,4.00,1.77,1.65,1.73,1.71,1.21
Dog Faced Boy,1994-04-14,575,2.83,2.74,1.77,2.38,4.36,2.61,2.79,1.66,1.42,2.00,1.72,,,,,,
Dogs Stole Things,1997-06-06,860,2.37,1.69,2.44,,1.16,,1.18,1.11,,,,,,,,,
Down with Disease,1994-04-04,567,2.91,2.20,3.25,2.83,2.83,2.84,3.11,3.33,2.63,2.79,2.46,,,,,,
Driver,1998-10-17,964,4.00,4.63,1.85,4.00,1.57,1.53,4.41,,,,,,,,,,
Drowned,1995-10-31,739,2.63,2.41,2.23,2.87,3.66,2.26,2.67,4.00,2.73,,,,,,,,
Esther,1988-09-12,70,2.87,2.58,3.18,2.33,2.40,2.39,1.65,1.44,1.61,,1.77,4.12,2.25,1.46,1.39,,
Farmhouse,1997-11-16,902,2.90,2.68,4.00,2.67,2.63,4.00,4.00,2.37,,,,,,,,,
Fast Enough for You,1992-11-19,434,2.79,2.67,2.62,1.72,1.39,1.71,2.74,3.00,2.41,2.61,1.66,1.15,,,,,
Fee,1987-08-10,26,3.70,3.43,4.49,4.00,4.00,4.00,4.00,4.00,2.40,2.71,2.52,1.54,4.00,1.63,2.22,4.00,4.33
Fire,1984-12-01,3,4.00,4.51,4.75,4.70,4.58,4.69,4.69,4.62,4.00,4.51,4.00,4.00,4.66,4.74,4.49,1.70,1.94
First Tube,1999-09-09,1018,4.00,4.40,4.58,4.58,4.50,4.67,3.09,,,,,,,,,,
Fluffhead,1984-12-01,3,4.00,2.70,4.00,3.27,2.25,2.45,2.54,2.46,2.71,2.69,3.76,2.62,3.34,4.00,4.37,4.00,1.71
Fly Famous Mockingbird,1988-02-07,37,3.62,2.17,2.47,2.18,2.57,2.64,2.33,2.42,,1.92,2.46,1.35,1.50,2.23,1.83,,
Foam,1988-10-29,73,3.21,3.17,2.35,2.38,2.05,1.80,1.60,1.48,2.06,1.60,1.61,1.38,1.59,1.45,1.63,4.00,
Frankenstein,1989-11-11,129,1.94,4.18,,,2.94,4.43,4.45,4.61,4.49,4.00,4.42,4.55,1.56,4.55,4.35,,
Frankie Says,1998-04-02,925,2.59,2.54,2.27,2.54,2.10,1.47,,,,,,,,,,,
Free,1995-05-16,691,3.63,4.00,2.79,2.78,3.42,3.60,2.62,2.47,3.21,2.49,,,,,,,
Free Bird,1987-03-06,19,2.00,,,,,4.66,4.00,,,4.78,2.83,,4.00,,,,
Fuego,2013-10-31,1395,3.15,2.69,2.60,,,,,,,,,,,,,,
Funky Bitch,1986-12-06,16,3.93,2.74,2.89,2.83,4.00,1.00,4.61,4.00,4.18,4.64,4.00,1.80,4.00,1.80,1.79,4.00,4.52
Ghost,1997-06-06,860,2.78,3.84,2.75,3.39,2.84,3.00,2.57,2.86,,,,,,,,,
Ginseng Sullivan,1993-08-11,550,4.00,1.40,4.00,4.00,1.78,1.60,1.58,1.71,1.51,1.68,1.30,,,,,,
Glide,1991-09-27,307,4.00,2.85,2.71,2.46,2.40,2.23,1.84,4.00,2.31,1.33,2.00,1.10,1.49,1.62,,,
Golden Age,2009-11-27,1222,3.00,2.42,3.12,2.58,2.43,,,,,,,,,,,,
Golgi Apparatus,1986-10-12,13,4.00,4.61,4.81,4.71,4.00,4.42,4.61,4.45,2.90,4.53,4.45,4.00,4.52,2.92,4.62,4.70,1.93
Good Times Bad Times,1986-12-06,16,4.56,4.72,4.62,4.70,4.52,4.84,4.50,4.41,4.00,4.00,4.41,4.34,4.49,4.74,4.59,4.70,2.93
Gotta Jibboo,1999-09-10,1019,4.00,2.67,3.23,4.00,2.45,2.73,2.38,,,,,,,,,,
Guelah Papyrus,1991-02-01,234,2.80,2.52,2.50,2.19,1.75,1.54,1.54,1.67,1.46,2.63,2.14,1.44,1.56,1.62,,,
Gumbo,1990-09-28,207,4.00,,,4.06,2.71,2.53,2.26,2.57,2.49,1.67,1.83,1.83,1.72,1.63,1.60,,
Guyute,1994-10-07,641,2.38,1.74,4.05,4.17,4.38,3.51,4.13,3.52,2.22,2.41,,,,,,,
Ha Ha Ha,1995-05-16,691,2.68,2.07,2.76,2.10,2.45,1.52,1.16,1.88,1.16,,,,,,,,
Halfway to the Moon,2010-06-19,1241,2.64,2.32,2.27,1.65,,,,,,,,,,,,,
Halley's Comet,1986-10-12,13,3.39,,,,2.24,4.00,4.00,2.52,3.00,4.47,4.00,2.38,2.72,2.55,2.53,2.79,1.63
Harpua,1987-05-11,23,4.00,4.00,4.00,2.78,2.86,2.77,4.18,4.00,4.58,2.94,,2.73,2.83,2.50,4.61,2.54,
Harry Hood,1985-10-30,7,3.74,4.00,4.60,4.09,4.00,4.00,4.44,4.00,4.26,4.37,4.18,4.00,3.73,4.59,4.33,4.00,2.85
Heavy Things,1999-09-11,1020,4.56,2.47,4.00,2.75,3.44,4.00,,,,,,,,,,,
Hello My Baby,1995-09-27,715,4.00,4.87,4.87,4.86,4.10,,,,,1.00,,,,,,,
Highway to Hell,1989-10-01,116,4.73,4.76,4.00,4.00,4.61,4.69,4.00,4.00,,,4.49,,,,,,
Hold Your Head Up,1990-06-05,194,4.54,4.00,2.93,4.29,2.89,2.93,2.82,2.85,4.30,3.79,2.71,2.80,4.44,4.42,4.34,,
Hold Your Head Up > Love You > Hold Your Head Up,1990-06-07,195,2.81,4.42,2.86,2.84,2.76,,,,2.81,,,,,,,,
Horn,1990-05-24,190,4.00,4.00,2.66,2.14,2.46,1.59,1.75,1.85,1.80,2.59,1.77,2.55,1.77,1.86,1.60,,
"I''m Blue, I''m Lonesome",1994-11-16,667,4.52,,1.27,1.52,2.64,,,,,,,,,,,,
I Am Hydrogen,1986-10-15,14,3.95,4.56,3.59,3.81,2.89,2.81,2.58,2.86,2.85,2.48,4.17,2.86,2.86,2.66,2.13,2.85,
I Didn't Know,1987-11-18,33,3.75,4.42,4.00,4.00,1.89,1.91,1.81,2.72,1.84,1.82,2.82,3.73,1.83,1.79,2.68,1.88,
If I Could,1994-04-04,567,2.35,2.22,1.62,2.28,,1.88,2.39,2.59,2.19,,2.79,,,,,,
It's Ice,1991-09-25,305,2.37,2.63,2.55,2.49,2.58,2.09,1.79,2.26,1.65,1.78,2.59,1.82,1.69,1.77,,,
Jam,1986-10-31,15,3.00,,,2.72,2.53,4.38,4.26,2.69,2.72,2.84,4.00,2.34,2.00,,,,
Jesus Just Left Chicago,1987-08-10,26,4.00,4.00,4.00,4.00,2.67,2.80,2.61,3.71,4.00,2.47,2.19,2.24,1.80,1.76,1.37,1.48,
Joy,2009-06-07,1190,4.56,4.00,4.24,4.00,2.64,,,,,,,,,,,,
Julius,1994-04-04,567,2.85,4.21,4.00,4.00,4.40,3.51,4.46,4.37,4.00,4.40,4.67,,,,,,
Kill Devil Falls,2009-06-02,1186,2.51,2.59,2.41,1.63,1.58,,,,,,,,,,,,
Kung,1989-11-02,125,2.38,,,2.42,2.52,1.44,2.68,2.47,2.72,2.79,2.69,4.51,3.14,,4.44,,
La Grange,1987-08-09,25,4.61,4.67,4.49,,,4.27,,2.81,2.85,2.00,4.00,,,1.94,,,
Lawn Boy,1989-11-30,131,4.00,4.54,4.57,2.89,2.70,2.56,2.70,3.54,2.76,4.00,4.00,1.86,3.90,4.82,1.76,,
Letter to Jimmy Page,1985-10-30,7,2.96,3.70,2.43,,,,2.00,,,,,,1.14,1.95,1.25,2.49,1.75
Lifeboy,1993-02-03,458,2.69,2.82,2.86,2.60,2.58,1.44,1.45,2.76,2.24,,2.19,2.46,,,,,
Light,2009-05-31,1185,3.73,3.41,3.48,2.76,2.75,,,,,,,,,,,,
Limb By Limb,1997-06-06,860,4.00,4.29,4.24,3.41,2.52,3.51,2.75,3.62,,,,,,,,,
Llama,1990-10-30,216,4.76,2.93,3.87,4.00,2.87,2.78,3.43,3.92,2.25,2.00,2.95,2.08,1.33,2.71,,,
Love You,1987-10-31,32,2.77,2.81,4.06,2.89,2.75,2.83,2.77,,,,2.62,2.64,1.74,,4.08,,
Loving Cup,1993-02-03,458,4.32,2.00,4.00,4.00,4.49,4.58,4.49,4.55,4.61,4.00,4.62,4.51,,,,,
Magilla,1990-09-13,200,4.00,4.06,1.79,4.00,,,2.78,2.30,2.52,1.80,,,,,,,
Makisupa Policeman,1984-12-01,3,4.00,2.38,2.19,,,2.91,2.59,2.54,3.00,2.68,2.76,2.77,4.31,2.61,4.00,4.00,1.88
Martian Monster,2014-10-31,1439,2.95,4.32,,,,,,,,,,,,,,,
Maze,1992-01-14,350,2.95,2.37,2.73,2.35,3.21,3.43,2.52,2.53,3.15,2.76,2.24,2.39,4.00,,,,
McGrupp and the Watchful Hosemasters,1985-10-17,6,4.00,2.61,2.68,3.51,2.69,2.59,2.77,2.58,2.65,2.42,2.51,4.09,2.09,2.15,1.49,1.63,
Meat,1998-07-02,931,2.73,2.78,1.62,1.47,1.85,1.32,1.74,,,,,,,,,,
Meatstick,1997-06-25,869,2.40,4.32,2.85,4.00,4.18,4.54,3.46,4.00,,,,,,,,,
Memories,1991-09-26,306,4.94,4.00,4.00,4.56,,,,,,,,,,,,,
Mike's Song,1985-05-03,5,3.16,4.00,3.49,3.67,3.00,2.80,2.68,2.70,2.69,2.76,3.53,2.74,3.58,2.78,2.79,2.76,2.18
Mound,1992-01-14,350,2.57,2.90,2.68,2.35,1.49,,,1.63,1.25,2.11,1.77,1.72,1.48,,,,
"My Friend, My Friend",1992-01-14,350,2.65,2.56,2.68,1.73,1.14,2.48,1.10,2.44,2.00,2.52,2.52,2.33,1.72,,,,
My Mind's Got a Mind of its Own,1992-01-14,350,2.91,2.45,2.63,2.24,2.60,1.84,1.56,1.57,1.48,1.13,1.75,,,,,,
My Soul,1997-02-13,844,4.00,3.00,2.61,1.14,2.00,1.50,1.36,1.66,,,,,,,,,
My Sweet One,1989-09-09,113,2.93,3.57,4.44,4.00,4.00,4.00,1.90,,1.42,2.28,1.63,1.66,1.83,2.78,4.69,1.19,
Narration,1988-06-21,55,3.05,,1.72,1.72,2.68,1.84,,,1.81,,,,,,,,
Nellie Kane,1993-02-23,475,4.39,4.27,2.64,,,1.75,2.71,1.78,2.32,1.66,1.72,1.43,,,,,
NICU,1992-01-14,350,2.69,,2.26,2.51,3.51,3.09,3.00,4.00,2.75,2.60,2.74,1.68,2.66,,,,
No Men In No Man's Land,2015-07-21,1446,3.34,2.68,,,,,,,,,,,,,,,
Ocelot,2009-05-31,1185,1.79,3.26,1.76,3.71,1.56,,,,,,,,,,,,
Party Time,2009-08-15,1210,3.00,3.00,1.81,2.73,2.58,,,,,,,,,,,,
Paul and Silas,1990-09-13,200,4.46,2.34,4.56,2.77,1.59,1.11,1.10,1.48,,,1.29,2.00,1.16,,,,
Peaches en Regalia,1986-10-15,14,3.89,,,,,2.41,2.44,,2.49,,2.00,,1.70,1.72,,4.00,
Piper,1997-06-06,860,2.68,3.59,2.64,3.43,3.52,2.77,2.75,2.81,,,,,,,,,
Poor Heart,1988-08-04,65,1.70,,4.15,4.00,4.69,4.69,4.42,4.64,2.93,1.93,1.88,1.75,1.77,1.77,1.67,1.75,
Possum,1985-10-30,7,4.00,4.21,4.60,4.33,2.87,4.00,2.88,4.00,4.00,4.10,4.24,4.00,2.80,4.00,4.31,2.88,2.86
Prince Caspian,1995-06-08,693,2.79,4.00,3.76,3.35,2.86,2.81,3.13,2.77,3.72,2.67,,,,,,,
Punch You In the Eye,1989-08-17,110,3.14,,,2.46,2.56,2.00,4.00,2.67,4.00,2.00,2.26,2.00,2.39,3.00,2.00,,
Quinn the Eskimo,1986-04-01,11,2.71,,,,,,,,,3.70,1.32,,4.21,4.61,4.76,4.54,
Reba,1989-10-01,116,2.67,4.00,2.48,2.27,2.45,2.64,2.54,2.63,2.65,4.00,3.54,4.00,4.17,2.74,1.67,1.44,
Rift,1990-02-25,157,2.75,2.57,2.60,2.85,4.00,3.54,2.22,1.42,2.42,4.00,2.32,2.74,2.59,1.80,2.54,,
Rock and Roll,1998-10-31,970,4.00,3.00,4.00,2.54,4.00,4.24,4.00,,,,,,,,,,
Rocky Top,1987-09-21,30,3.92,3.52,4.84,4.74,4.76,4.68,4.72,4.70,4.68,4.76,4.74,1.80,4.83,4.60,4.82,4.71,
Roggae,1998-06-30,929,4.00,2.68,1.55,2.62,2.69,2.54,1.77,,,,,,,,,,
Roses Are Free,1997-12-11,918,2.59,2.83,1.13,2.32,2.41,2.55,4.00,,,,,,,,,,
Run Like an Antelope,1985-05-03,5,4.00,4.98,4.00,2.87,2.51,2.95,3.80,2.87,3.54,4.43,4.00,4.43,4.00,3.86,4.35,4.50,4.39
Runaway Jim,1990-03-28,166,4.48,4.37,4.00,2.92,2.89,4.31,4.15,2.31,4.00,3.21,2.17,2.12,2.82,2.79,2.20,,
Sample in a Jar,1993-02-04,459,2.48,4.00,4.00,4.00,4.38,4.38,4.55,4.00,2.43,1.80,1.42,1.74,,,,,
Sand,1999-09-11,1020,2.72,2.00,2.51,3.36,3.68,2.67,4.00,,,,,,,,,,
Sanity,1986-10-15,14,3.85,,,4.00,,1.86,2.61,3.81,1.00,2.44,,1.00,4.41,4.24,1.79,4.62,
Saw It Again,1997-06-06,860,2.43,2.50,2.42,2.18,1.79,2.57,2.69,3.54,,,,,,,,,
Scent of a Mule,1994-04-04,567,2.73,2.74,3.17,2.67,2.47,2.71,2.38,2.66,2.54,2.59,2.67,,,,,,
Scents and Subtle Sounds,2003-07-07,1133,2.69,2.80,2.18,2.64,2.54,,,,,,,,,,,,
Seven Below,2002-12-31,1117,3.28,2.69,2.63,2.68,2.59,,,,,,,,,,,,
Show of Life,2010-06-11,1235,4.39,4.67,4.00,4.00,,,,,,,,,,,,,
Silent in the Morning,1992-01-14,350,2.73,2.84,2.50,4.15,2.77,2.41,2.72,4.00,2.87,4.44,4.05,4.09,4.19,,,,
Simple,1994-05-27,609,4.00,4.00,3.42,4.00,4.58,3.46,2.67,2.77,3.40,4.00,2.73,,,,,,
Slave to the Traffic Light,1984-12-01,3,3.91,2.84,2.66,2.51,,2.87,4.00,4.27,4.20,4.43,4.00,3.84,4.50,4.29,4.34,4.41,4.49
Sleeping Monkey,1992-01-14,350,4.54,4.00,4.00,4.32,4.00,4.00,4.00,4.53,4.00,4.00,4.46,4.00,4.64,,,,
Sneakin' Sally Through the Alley,1985-10-30,7,3.85,,,,,,,,,4.43,2.53,4.00,2.66,4.00,2.91,2.82,2.66
Sparkle,1991-09-25,305,4.00,4.00,3.43,4.00,2.77,2.65,2.31,2.27,2.73,2.80,2.37,2.81,4.00,2.28,,,
Split Open and Melt,1989-04-15,91,2.79,2.71,4.58,2.13,3.09,2.48,2.70,2.38,1.87,2.79,2.42,2.85,2.67,2.84,2.83,4.00,
Stash,1990-09-13,200,2.58,4.52,2.71,2.07,2.40,2.65,4.00,2.84,1.83,3.22,1.85,2.31,2.37,1.78,1.25,,
Stealing Time From the Faulty Plan,2009-06-02,1186,2.92,4.00,2.00,2.00,2.50,,,,,,,,,,,,
Steam,2011-06-04,1291,3.08,2.64,2.77,2.72,,,,,,,,,,,,,
Strange Design,1995-05-16,691,2.95,2.77,3.51,2.27,3.66,2.82,3.21,1.57,,1.88,,,,,,,
Sugar Shack,2009-06-07,1190,3.36,1.75,1.79,1.72,1.16,,,,,,,,,,,,
Suzy Greenberg,1987-02-13,17,3.86,4.00,4.74,4.55,2.93,4.00,4.17,4.00,4.74,4.00,4.00,4.00,4.00,4.42,4.56,4.60,2.92
Sweet Adeline,1990-03-28,166,4.22,4.78,4.19,4.85,4.80,4.84,4.83,2.94,4.00,,,2.98,,1.00,,,
Take the 'A' Train,1987-04-29,22,3.67,4.50,4.00,4.00,2.88,4.40,,,,,,,,,,,
Taste,1995-06-07,692,1.68,4.00,4.30,2.35,4.21,2.71,2.27,2.61,2.52,2.65,,,,,,,
Tela,1988-03-12,43,3.83,2.63,2.73,2.65,2.46,2.69,2.33,1.82,1.67,2.28,,1.54,2.60,2.49,2.41,1.76,
Terrapin,1987-09-21,30,3.87,2.73,4.00,2.85,2.82,2.80,,2.59,,4.00,,2.70,,,,4.09,
The Ballad of Curtis Loew,1987-04-29,22,3.82,2.86,,,2.21,2.24,,,,,,2.72,1.82,1.80,4.00,,1.25
The Curtain,1988-02-24,40,3.58,2.27,2.30,2.04,2.17,2.35,2.52,2.33,1.22,2.00,2.20,,1.10,1.48,,1.28,
The Curtain With,1987-08-09,25,3.49,,,,,,,,,,1.76,4.18,2.15,1.29,1.03,1.66,
The Horse,1992-01-14,350,2.71,2.82,2.49,4.00,2.76,2.39,2.70,2.73,2.85,4.41,4.00,4.00,4.15,,,,
The Landlady,1990-09-13,200,4.00,2.74,2.18,2.48,2.63,,,,,,,,1.00,,1.52,,
The Line,2013-10-31,1395,2.65,2.47,,,,,,,,,,,,,,,
The Lizards,1988-01-27,35,3.46,4.18,3.61,2.80,2.77,3.26,4.00,2.64,2.66,2.68,2.73,3.62,4.00,4.00,4.00,4.00,
The Man Who Stepped Into Yesterday,1987-05-11,23,3.25,2.15,2.62,2.87,2.82,2.70,2.55,,2.51,2.42,2.27,2.51,,,1.27,1.23,
The Mango Song,1989-03-30,89,2.82,2.56,2.76,2.68,4.00,2.65,2.53,2.58,3.49,2.44,4.33,2.75,2.66,2.44,4.00,1.72,
The Moma Dance,1998-06-30,929,2.43,3.11,2.61,1.72,1.65,4.00,3.60,,,,,,,,,,
The Oh Kee Pa Ceremony,1989-08-17,110,3.32,4.50,4.42,2.91,2.91,2.64,1.88,2.37,1.33,1.62,2.69,2.71,4.00,2.80,2.88,,
The Old Home Place,1994-06-26,626,4.00,1.58,1.68,1.64,4.00,1.50,1.57,1.24,1.36,1.35,,,,,,,
The Sloth,1987-08-09,25,3.12,2.67,2.79,2.70,2.64,2.58,1.68,1.67,1.84,1.73,3.42,1.61,2.00,1.72,1.69,1.63,
The Squirming Coil,1990-01-20,142,2.83,4.70,4.27,4.15,4.00,4.47,4.00,4.39,4.51,4.27,4.50,4.45,4.49,4.00,4.43,,
The Wedge,1993-02-03,458,2.58,,4.00,2.57,2.90,2.60,2.52,3.16,3.52,3.51,4.00,2.81,,,,,
Theme From the Bottom,1995-05-16,691,4.00,4.00,4.00,4.00,2.45,3.49,2.70,4.00,2.65,1.70,,,,,,,
Timber (Jerry The Mule),1987-04-29,22,3.52,2.32,,,1.79,,2.00,2.24,2.55,2.64,2.00,2.86,2.25,1.84,2.56,1.81,
Train Song,1996-07-21,788,2.74,1.84,2.84,1.78,1.75,1.83,1.84,1.82,1.75,,,,,,,,
Tube,1990-09-13,200,2.39,2.76,2.24,1.07,4.46,2.00,2.00,2.81,2.76,2.55,2.51,4.00,4.00,4.47,4.48,,
Tweezer,1990-03-28,166,2.72,3.27,2.70,2.48,2.66,2.59,3.43,3.25,2.78,2.47,3.00,3.30,3.28,2.68,3.18,,
Tweezer Reprise,1991-02-01,234,4.79,4.71,4.76,4.73,4.80,4.61,4.77,4.81,4.80,4.87,4.82,4.80,4.83,4.86,,,
Twenty Years Later,2009-06-05,1188,2.62,2.71,3.54,4.00,2.74,,,,,,,,,,,,
Twist,1997-06-06,860,2.65,2.72,2.65,3.00,3.56,2.78,3.32,2.74,,,,,,,,,
Uncle Pen,1990-03-28,166,4.76,4.29,2.87,2.77,4.00,4.00,2.79,2.73,2.55,4.00,1.35,1.65,,1.70,,,
Undermind,2009-03-08,1184,2.70,2.56,1.80,1.61,2.64,,,,,,,,,,,,
Vultures,1997-06-06,860,2.40,2.32,2.25,1.82,1.68,1.79,1.72,1.56,,,,,,,,,
Wading in the Velvet Sea,1997-06-06,860,2.85,4.00,4.00,4.00,3.77,2.86,4.00,4.00,,,,,,,,,
Waiting All Night,2013-10-31,1395,4.00,1.72,2.74,,,,,,,,,,,,,,
Walk Away,1988-07-23,59,3.57,2.59,4.25,,4.00,2.69,,,,4.00,2.65,1.59,2.54,1.91,1.89,2.91,
Walls of the Cave,2002-12-31,1117,3.71,2.84,4.00,4.00,1.87,1.88,,,,,,,,,,,
Waste,1996-06-06,774,4.00,4.00,2.89,4.00,4.63,4.00,4.00,4.00,4.37,,,,,,,,
Water in the Sky,1997-06-06,860,2.33,1.81,2.61,2.48,1.82,2.20,4.18,1.63,,,,,,,,,
Waves,2002-12-31,1117,2.79,2.64,2.62,2.73,2.54,2.21,,,,,,,,,,,
Weekapaug Groove,1988-07-23,59,4.58,4.79,3.87,3.13,2.91,2.81,2.76,3.03,2.93,3.88,2.89,2.93,2.91,4.48,4.38,4.46,
Weigh,1992-01-14,350,4.21,2.44,2.27,1.33,1.55,3.19,1.83,,1.34,1.54,1.03,1.60,1.65,,,,
What's the Use?,1999-07-04,998,2.70,2.52,2.47,2.75,2.88,2.75,4.39,,,,,,,,,,
When the Circus Comes,1997-02-13,844,4.00,4.00,3.47,3.60,1.79,4.00,4.00,2.79,,,,,,,,,
While My Guitar Gently Weeps,1994-10-31,660,4.41,4.00,,4.61,4.00,4.58,2.80,4.00,,1.78,,,,,,,
Whipping Post,1985-11-23,9,4.00,4.54,,2.87,,,,2.67,,,1.33,,,,,,
Wilson,1986-10-12,13,3.83,2.34,2.51,3.00,2.36,4.00,2.56,3.00,2.45,4.00,2.00,3.76,4.00,3.79,4.27,4.81,2.84
Wingsuit,2013-10-31,1395,4.00,2.77,2.39,,,,,,,,,,,,,,
Wolfman's Brother,1994-04-04,567,2.67,1.73,2.42,2.35,3.00,4.00,2.80,2.36,1.87,2.48,2.11,,,,,,
Ya Mar,1987-02-21,18,3.54,3.07,3.17,4.00,2.69,2.39,4.00,4.00,2.57,2.62,4.00,2.49,1.50,1.76,1.77,1.74,
Yarmouth Road,2013-07-05,1362,1.74,2.31,1.57,,,,,,,,,,,,,,
You Enjoy Myself,1986-02-03,10,3.63,4.25,4.00,4.37,2.81,2.69,2.76,3.39,4.00,4.23,4.00,4.25,4.00,4.00,4.00,4.23,4.00
