title,debut_date,order_id,first_100,first_200,first_300,first_400,first_500,first_600,first_700,first_800,first_900,first_1000,first_1100,first_1200,first_1300,first_1400,first_1500,first_1600,first_1700
46 Days,2002-12-14,1115,0.55,0.37,0.53,0.52,0.50,0.21,,,,,,,,,,,
555,2013-10-31,1395,0.53,0.60,0.15,,,,,,,,,,,,,,
A Day in the Life,1995-06-10,695,1.11,0.57,1.20,,0.55,0.57,0.66,0.82,0.65,,,,,,,,
A Song I Heard the Ocean Sing,2004-06-17,1166,0.53,0.17,0.41,0.67,0.49,,,,,,,,,,,,
AC/DC Bag,1986-04-01,11,0.71,0.54,1.16,0.76,1.07,1.20,0.56,0.58,0.50,0.48,0.51,0.51,0.23,0.06,0.10,0.32,0.01
Acoustic Army,1995-06-07,692,0.70,,,,,,,,,,,,,,,,
Alaska,2009-06-09,1191,0.50,0.67,0.04,0.28,0.72,,,,,,,,,,,,
All Things Reconsidered,1991-09-25,305,0.65,0.47,0.49,0.27,,0.16,,,,,,,,,,,
Also Sprach Zarathustra,1993-07-16,531,0.24,0.39,0.55,0.63,0.47,0.31,0.47,0.39,0.37,0.40,0.59,,,,,,
Alumni Blues,1985-10-30,7,0.59,0.80,0.06,,,,,,,,,,0.06,0.38,0.04,0.83,0.04
Alumni Blues > Letter to Jimmy Page > Alumni Blues,1985-10-17,6,0.64,0.45,1.18,,,,,,,,,,,,,,
Amazing Grace,1993-02-03,458,0.91,0.93,1.03,0.53,,,,,,,,,,,,,
Avenu Malkenu,1987-05-11,23,0.77,0.47,0.52,0.35,0.18,0.13,0.43,,0.62,0.08,0.40,0.57,,,,,
Axilla,1992-11-19,434,0.44,0.74,,0.64,0.74,0.62,0.91,1.27,0.38,0.50,0.60,0.43,,,,,
Axilla (Part II),1994-04-16,577,0.47,0.56,,,,,,,,,,,,,,,
Back on the Train,1999-06-30,995,0.45,0.29,0.59,0.44,0.51,0.20,0.67,,,,,,,,,,
Backwards Down the Number Line,2009-03-06,1182,0.67,0.66,0.65,0.52,0.54,,,,,,,,,,,,
Banter,1990-01-20,142,0.98,0.64,0.90,0.99,1.26,,0.64,1.02,0.17,0.45,0.82,,0.04,,0.26,,
Bathtub Gin,1989-05-26,102,0.55,0.59,0.31,0.30,0.36,0.40,0.71,0.48,0.50,0.53,0.31,0.38,0.32,0.69,0.49,0.28,
Beauty of My Dreams,1997-02-16,846,0.56,0.22,0.32,,,,,,,,,,,,,,
Big Ball Jam,1992-11-21,436,0.32,0.17,0.10,,,,,,,,,,,,,,
Big Black Furry Creature from Mars,1987-08-21,27,0.88,0.82,0.84,1.22,0.80,0.75,0.09,0.40,,0.01,0.31,0.04,0.57,1.67,0.05,1.56,
Billy Breathes,1995-09-27,715,0.55,0.68,0.23,0.42,0.73,,,0.74,0.49,,,,,,,,
Birds of a Feather,1998-04-02,925,0.61,0.29,0.48,0.28,0.58,0.42,0.55,,,,,,,,,,
Blaze On,2015-07-21,1446,0.66,0.55,,,,,,,,,,,,,,,
Bold As Love,1988-07-11,57,0.73,0.13,,0.00,0.20,0.20,0.00,1.05,0.59,1.25,0.75,1.34,1.23,1.08,1.48,,
Boogie On Reggae Woman,1987-02-21,18,0.95,,,,,,,,,0.55,1.12,0.56,0.76,0.56,0.68,0.88,
Bouncing Around the Room,1990-01-20,142,0.54,0.69,0.61,0.43,0.77,0.87,0.78,1.02,1.00,0.94,1.37,0.45,0.96,1.11,1.15,,
Brian and Robert,1998-06-30,929,1.14,1.13,0.56,0.11,0.01,0.17,1.05,,,,,,,,,,
Brother,1991-09-25,305,0.61,,,,,0.62,0.09,,0.77,0.88,,,,,,,
Bug,1999-06-30,995,0.63,0.90,0.55,0.60,0.77,1.07,0.97,,,,,,,,,,
Buried Alive,1990-09-13,200,0.60,0.71,0.49,0.54,0.59,0.61,0.51,0.55,,0.80,0.00,1.14,0.09,0.03,0.09,,
Camel Walk,1984-11-03,2,0.84,,,,,,,,1.26,1.93,1.74,0.80,0.76,0.95,0.44,0.26,
Caravan,1990-01-20,142,0.73,1.01,,0.39,1.40,,,,,,,,,,,,
Carini,1997-02-17,847,1.26,0.86,0.72,1.17,0.23,0.41,0.54,0.52,,,,,,,,,
Carolina,1990-01-20,142,0.98,1.52,1.25,0.57,1.05,0.31,1.40,,0.67,,,,,,,,
Cars Trucks Buses,1995-09-27,715,0.50,0.46,0.25,0.67,0.31,0.23,0.04,,,,,,,,,,
Cavern,1990-03-28,166,0.66,0.72,0.81,0.87,1.04,0.72,1.12,1.06,0.85,0.78,0.92,0.84,0.67,0.86,1.29,,
Chalk Dust Torture,1991-02-01,234,0.73,0.78,0.74,0.88,0.92,0.67,0.69,0.89,0.90,0.61,0.84,0.59,0.65,0.64,,,
Character Zero,1996-06-06,774,0.77,0.85,0.97,0.88,0.90,0.76,1.02,1.11,1.10,,,,,,,,
Cities,1984-12-01,3,0.75,,,,,,,,1.05,0.52,1.29,0.62,0.50,0.38,0.78,0.99,
Cold as Ice,1992-01-14,350,0.18,,,,,,,,,,,,,,,,
Colonel Forbin's Ascent,1988-03-12,43,0.64,0.33,0.35,0.29,0.42,0.42,0.35,0.35,,,,,0.18,,0.44,,
Contact,1988-06-15,52,0.83,0.85,0.44,0.05,1.15,0.41,0.11,0.61,0.90,0.58,0.75,0.70,1.20,0.00,0.68,1.22,
Crosseyed and Painless,1996-10-31,816,0.34,,0.06,0.07,0.17,0.22,0.30,0.31,0.40,,,,,,,,
David Bowie,1986-10-31,15,0.90,0.57,0.60,0.33,0.33,0.47,0.34,0.52,0.67,0.54,0.45,0.68,0.57,0.53,0.70,0.29,0.03
Destiny Unbound,1990-09-14,201,0.59,0.57,,,,,,,,0.51,0.49,0.20,0.23,0.17,0.01,,
Dinner and a Movie,1987-11-19,34,0.70,0.48,0.71,0.52,0.34,0.27,,0.36,,,,0.31,0.11,0.04,,,
Dirt,1997-06-06,860,0.53,0.78,0.31,0.56,0.52,0.53,0.34,0.12,,,,,,,,,
Divided Sky,1987-05-11,23,0.68,0.66,0.66,0.36,0.20,0.35,0.39,0.27,0.39,0.82,0.35,0.69,0.21,0.20,0.20,0.18,
Dog Faced Boy,1994-04-14,575,0.50,0.42,,0.49,0.93,0.51,0.63,,0.05,,,,,,,,
Dogs Stole Things,1997-06-06,860,0.33,0.21,0.63,,0.11,,0.13,,,,,,,,,,
Down with Disease,1994-04-04,567,0.52,0.45,0.67,0.62,0.56,0.56,0.52,0.54,0.27,0.37,0.39,,,,,,
Driver,1998-10-17,964,0.73,1.22,0.26,1.42,,0.01,1.83,,,,,,,,,,
Drowned,1995-10-31,739,0.45,0.41,0.53,0.60,0.54,0.12,0.32,1.15,0.46,,,,,,,,
Esther,1988-09-12,70,0.61,0.45,0.61,0.40,0.30,0.35,0.19,0.07,0.24,,,1.13,,0.05,,,
Farmhouse,1997-11-16,902,0.52,0.50,1.11,0.48,0.45,1.20,0.81,0.93,,,,,,,,,
Fast Enough for You,1992-11-19,434,0.49,0.49,0.43,0.22,,0.14,0.57,0.56,0.28,0.69,0.19,,,,,,
Fee,1987-08-10,26,0.71,0.56,1.04,0.79,0.79,0.68,0.87,0.93,0.34,0.56,0.55,0.32,1.27,0.26,,0.00,
Fire,1984-12-01,3,0.83,1.17,1.05,0.27,0.21,0.26,0.96,1.01,0.59,1.37,0.76,0.87,0.33,1.06,1.10,,
First Tube,1999-09-09,1018,0.63,1.08,1.08,1.36,0.97,1.31,,,,,,,,,,,
Fluffhead,1984-12-01,3,0.71,0.54,0.74,0.52,0.31,0.43,0.45,0.51,0.63,0.60,0.78,0.63,0.63,0.66,0.86,1.02,0.50
Fly Famous Mockingbird,1988-02-07,37,0.66,0.31,0.36,0.31,0.45,0.41,0.35,0.35,,,,,0.18,,0.48,,
Foam,1988-10-29,73,0.65,0.51,0.34,0.33,0.21,0.16,0.17,0.14,0.35,0.04,0.16,0.12,0.16,0.18,0.23,,
Frankenstein,1989-11-11,129,0.02,1.00,,,0.53,1.25,0.93,0.97,0.82,1.12,1.08,1.61,,1.27,0.25,,
Frankie Says,1998-04-02,925,0.50,0.45,0.32,,,0.09,,,,,,,,,,,
Free,1995-05-16,691,0.50,0.59,0.47,0.46,0.41,0.43,0.55,0.47,0.57,0.52,,,,,,,
Free Bird,1987-03-06,19,,,,,,0.76,,,,1.65,,,,,,,
Fuego,2013-10-31,1395,0.47,0.33,0.40,,,,,,,,,,,,,,
Funky Bitch,1986-12-06,16,0.71,0.52,0.55,,1.13,0.00,1.28,1.15,1.13,1.12,0.86,0.43,0.82,0.22,0.23,0.69,2.19
Ghost,1997-06-06,860,0.60,0.65,0.55,0.41,0.38,0.50,0.58,0.64,,,,,,,,,
Ginseng Sullivan,1993-08-11,550,0.83,0.18,0.93,0.69,0.22,0.15,0.09,0.11,0.23,0.10,,,,,,,
Glide,1991-09-27,307,1.08,0.55,0.40,0.45,0.42,0.44,,1.19,0.49,,0.64,0.07,,,,,
Golden Age,2009-11-27,1222,0.35,0.15,0.32,0.17,0.14,,,,,,,,,,,,
Golgi Apparatus,1986-10-12,13,0.72,1.16,1.01,0.90,1.00,0.95,1.01,1.15,0.60,1.12,1.07,0.82,0.90,0.64,1.10,0.90,
Good Times Bad Times,1986-12-06,16,0.80,1.03,0.95,0.22,0.52,0.78,0.63,1.17,0.89,1.00,0.68,0.85,0.45,0.87,1.03,1.56,0.00
Gotta Jibboo,1999-09-10,1019,0.60,0.50,0.62,0.87,0.17,0.61,0.69,,,,,,,,,,
Guelah Papyrus,1991-02-01,234,0.49,0.37,0.41,0.25,0.19,0.16,0.09,0.21,0.24,0.57,0.35,0.07,0.35,0.21,,,
Gumbo,1990-09-28,207,0.56,,,0.81,0.55,0.53,0.36,0.54,0.58,0.19,0.19,0.24,0.33,0.16,0.21,,
Guyute,1994-10-07,641,0.32,0.21,1.15,0.95,0.93,0.70,1.00,0.93,0.71,0.50,,,,,,,
Ha Ha Ha,1995-05-16,691,0.59,0.60,0.06,0.58,,0.06,0.05,0.52,,,,,,,,,
Halfway to the Moon,2010-06-19,1241,0.45,0.27,0.24,0.17,,,,,,,,,,,,,
Halley's Comet,1986-10-12,13,0.66,,,,0.13,1.00,0.71,0.34,0.71,1.30,0.84,0.49,0.53,0.43,0.47,0.59,0.33
Harpua,1987-05-11,23,0.81,0.78,0.72,0.08,0.07,0.56,0.81,1.53,1.44,0.27,,0.08,1.02,,0.36,,
Harry Hood,1985-10-30,7,0.76,0.56,0.89,0.50,0.39,0.65,0.48,0.71,0.68,0.69,0.83,0.62,0.38,0.56,0.53,0.48,0.03
Heavy Things,1999-09-11,1020,0.63,0.47,1.02,0.68,0.62,1.04,,,,,,,,,,,
Hello My Baby,1995-09-27,715,0.77,1.03,1.55,1.43,1.00,,,,,,,,,,,,
Highway to Hell,1989-10-01,116,0.88,0.56,0.74,0.61,0.69,0.74,1.46,1.69,,,1.90,,,,,,
Hold Your Head Up,1990-06-05,194,0.62,0.41,0.19,0.24,0.09,0.33,0.07,0.31,0.75,0.55,0.50,0.54,0.69,0.30,0.24,,
Hold Your Head Up > Love You > Hold Your Head Up,1990-06-07,195,0.29,0.82,0.08,0.05,0.01,,,,,,,,,,,,
Horn,1990-05-24,190,0.88,0.69,0.38,0.34,0.52,0.20,0.22,0.30,0.17,0.35,0.09,0.40,0.16,0.16,0.13,,
"I''m Blue, I''m Lonesome",1994-11-16,667,0.81,,,,,,,,,,,,,,,,
I Am Hydrogen,1986-10-15,14,0.75,0.77,0.52,0.34,0.23,0.18,0.13,0.27,0.79,0.54,0.82,0.62,0.53,0.56,0.50,0.76,
I Didn't Know,1987-11-18,33,0.80,0.96,0.73,0.58,0.12,0.17,0.26,0.40,0.22,0.14,0.61,0.76,0.24,0.16,0.47,0.23,
If I Could,1994-04-04,567,0.38,0.23,0.19,,,,0.35,0.43,,,0.86,,,,,,
It's Ice,1991-09-25,305,0.41,0.47,0.47,0.42,0.43,0.33,0.18,0.46,0.22,0.17,0.41,0.17,0.14,,,,
Jam,1986-10-31,15,0.83,,,,0.83,1.14,1.00,0.62,0.41,0.30,0.63,,,,,,
Jesus Just Left Chicago,1987-08-10,26,0.89,0.70,0.77,0.99,0.21,0.14,0.62,0.04,0.88,0.60,0.54,,0.26,0.17,,,
Joy,2009-06-07,1190,0.88,0.57,0.69,0.73,,,,,,,,,,,,,
Julius,1994-04-04,567,0.52,0.77,1.10,1.05,1.18,0.75,1.02,0.91,1.09,1.11,1.27,,,,,,
Kill Devil Falls,2009-06-02,1186,0.37,0.46,0.39,0.22,0.18,,,,,,,,,,,,
Kung,1989-11-02,125,,,,0.52,0.54,0.31,0.65,,0.20,,0.27,1.08,0.32,,,,
La Grange,1987-08-09,25,0.98,1.01,0.01,,,1.30,,,0.44,0.56,,,,,,,
Lawn Boy,1989-11-30,131,0.94,0.88,0.96,0.40,0.41,0.38,0.53,0.66,0.43,0.81,0.70,0.21,0.64,0.85,0.17,,
Letter to Jimmy Page,1985-10-30,7,0.56,0.88,,,,,0.52,,,,,,0.06,0.43,,1.00,
Lifeboy,1993-02-03,458,0.15,0.27,0.31,0.53,0.07,,,0.32,,,,0.37,,,,,
Light,2009-05-31,1185,0.38,0.29,0.31,0.36,0.17,,,,,,,,,,,,
Limb By Limb,1997-06-06,860,0.69,0.78,0.76,0.58,0.49,0.61,0.47,0.75,,,,,,,,,
Llama,1990-10-30,216,0.60,0.62,0.71,0.71,0.74,0.53,0.81,0.98,0.41,0.47,0.93,0.45,0.19,0.67,,,
Love You,1987-10-31,32,0.88,0.41,0.75,0.07,0.05,,0.05,,,,,0.42,,,,,
Loving Cup,1993-02-03,458,1.08,0.71,1.33,0.68,0.84,0.91,0.62,1.17,0.50,0.00,0.60,0.96,,,,,
Magilla,1990-09-13,200,0.79,0.81,,1.06,,,0.33,,0.41,,,,,,,,
Makisupa Policeman,1984-12-01,3,1.01,0.35,,,,0.81,0.76,0.56,0.72,0.68,0.17,0.26,0.58,0.18,1.01,0.56,
Martian Monster,2014-10-31,1439,0.69,1.29,,,,,,,,,,,,,,,
Maze,1992-01-14,350,0.48,0.43,0.50,0.39,0.51,0.61,0.37,0.39,0.65,0.51,0.29,0.27,0.88,,,,
McGrupp and the Watchful Hosemasters,1985-10-17,6,1.00,0.54,0.92,0.89,0.40,0.17,0.34,0.38,0.15,0.45,0.05,1.61,0.36,0.25,0.15,0.34,
Meat,1998-07-02,931,0.62,0.75,0.31,0.11,0.32,0.04,0.19,,,,,,,,,,
Meatstick,1997-06-25,869,,0.74,0.44,0.87,0.84,0.95,0.39,1.06,,,,,,,,,
Memories,1991-09-26,306,1.21,1.01,1.26,,,,,,,,,,,,,,
Mike's Song,1985-05-03,5,0.69,0.71,0.51,0.34,0.26,0.23,0.22,0.39,0.42,0.60,0.56,0.56,0.48,0.48,0.53,0.66,0.30
Mound,1992-01-14,350,0.39,0.50,0.55,0.42,0.15,,,,,0.29,0.24,0.24,0.06,,,,
"My Friend, My Friend",1992-01-14,350,0.58,0.45,0.56,0.19,0.05,0.66,0.06,0.81,0.34,0.50,0.44,0.46,0.18,,,,
My Mind's Got a Mind of its Own,1992-01-14,350,0.73,0.41,0.40,0.47,0.61,0.29,0.11,0.17,0.13,,,,,,,,
My Soul,1997-02-13,844,1.04,0.62,0.54,,0.39,0.21,0.14,0.38,,,,,,,,,
My Sweet One,1989-09-09,113,0.55,0.57,0.71,0.75,0.77,0.79,0.28,,0.04,0.45,0.27,0.27,0.32,0.67,1.43,,
Narration,1988-06-21,55,1.35,,0.13,0.22,0.45,0.23,,,,,,,,,,,
Nellie Kane,1993-02-23,475,1.19,0.95,,,,0.11,,0.41,0.35,0.17,0.16,0.05,,,,,
NICU,1992-01-14,350,0.54,,0.43,0.52,0.81,0.60,0.58,0.83,0.53,0.41,0.59,0.21,0.59,,,,
No Men In No Man's Land,2015-07-21,1446,0.65,0.49,,,,,,,,,,,,,,,
Ocelot,2009-05-31,1185,0.23,0.45,0.23,0.65,0.23,,,,,,,,,,,,
Party Time,2009-08-15,1210,0.67,0.70,0.37,0.64,1.10,,,,,,,,,,,,
Paul and Silas,1990-09-13,200,0.93,0.43,0.74,0.53,0.14,,,0.34,,,0.21,0.17,,,,,
Peaches en Regalia,1986-10-15,14,0.72,,,,,0.53,0.45,,0.57,,0.35,,0.25,0.31,,1.70,
Piper,1997-06-06,860,0.43,0.58,0.43,0.43,0.33,0.18,0.16,0.16,,,,,,,,,
Poor Heart,1988-08-04,65,,,0.65,0.71,0.94,1.00,0.91,0.71,0.62,0.29,0.26,0.15,0.27,0.26,0.19,0.08,
Possum,1985-10-30,7,0.70,0.73,0.95,0.91,0.66,0.75,0.65,0.69,1.05,1.02,0.91,0.76,0.56,0.82,0.90,0.75,0.70
Prince Caspian,1995-06-08,693,0.47,0.60,0.46,0.35,0.41,0.36,0.54,0.60,0.60,0.58,,,,,,,
Punch You In the Eye,1989-08-17,110,0.69,,,0.41,0.45,0.26,0.76,0.54,1.06,0.29,0.37,0.45,0.49,0.72,0.64,,
Quinn the Eskimo,1986-04-01,11,0.67,,,,,,,,,1.33,,,1.22,0.99,0.38,1.17,
Reba,1989-10-01,116,0.50,0.61,0.41,0.36,0.46,0.48,0.46,0.50,0.42,0.97,0.72,0.64,0.88,0.51,0.16,,
Rift,1990-02-25,157,0.47,0.53,0.41,0.48,0.63,0.60,0.34,,0.54,0.97,0.53,0.48,0.33,0.24,0.41,,
Rock and Roll,1998-10-31,970,1.00,0.48,0.52,0.33,0.81,0.80,0.13,,,,,,,,,,
Rocky Top,1987-09-21,30,1.06,0.66,1.17,0.94,0.76,0.46,0.27,0.29,1.21,1.20,0.72,,1.53,0.92,1.01,0.75,
Roggae,1998-06-30,929,0.57,0.43,0.11,0.62,0.51,0.38,0.25,,,,,,,,,,
Roses Are Free,1997-12-11,918,0.61,0.69,0.09,0.37,0.38,0.59,1.23,,,,,,,,,,
Run Like an Antelope,1985-05-03,5,0.82,0.96,0.56,0.35,0.13,0.38,0.53,0.59,0.52,0.80,0.64,0.81,0.55,0.58,0.89,0.78,1.49
Runaway Jim,1990-03-28,166,0.68,0.85,0.77,0.52,0.55,0.79,0.76,0.49,0.87,0.79,0.36,0.37,0.69,0.59,0.37,,
Sample in a Jar,1993-02-04,459,0.45,0.68,0.77,0.76,1.02,1.15,0.99,0.65,0.34,0.24,0.16,0.24,,,,,
Sand,1999-09-11,1020,0.31,0.65,0.32,0.54,0.66,0.47,0.57,,,,,,,,,,
Sanity,1986-10-15,14,0.80,,,0.76,,,,,,0.16,,,1.39,0.71,0.03,1.59,
Saw It Again,1997-06-06,860,0.33,0.49,0.46,,0.01,0.53,0.45,0.72,,,,,,,,,
Scent of a Mule,1994-04-04,567,0.48,0.58,0.52,0.43,0.52,0.61,0.40,0.52,0.39,0.48,0.73,,,,,,
Scents and Subtle Sounds,2003-07-07,1133,0.69,0.12,,0.14,0.16,,,,,,,,,,,,
Seven Below,2002-12-31,1117,0.57,0.36,0.42,0.57,0.16,,,,,,,,,,,,
Show of Life,2010-06-11,1235,0.66,0.65,0.76,0.77,,,,,,,,,,,,,
Silent in the Morning,1992-01-14,350,0.49,0.51,0.37,0.77,0.53,0.34,0.54,0.96,0.43,0.58,0.80,0.56,1.37,,,,
Simple,1994-05-27,609,0.74,0.64,0.42,0.57,1.04,0.71,0.17,0.47,0.64,0.79,0.52,,,,,,
Slave to the Traffic Light,1984-12-01,3,0.93,0.56,,,,0.48,0.52,0.73,0.43,0.62,0.74,0.61,0.80,0.65,0.64,0.56,0.90
Sleeping Monkey,1992-01-14,350,0.66,0.00,0.00,0.74,0.77,0.57,0.91,1.06,0.00,0.00,0.21,0.53,0.37,,,,
Sneakin' Sally Through the Alley,1985-10-30,7,0.80,,,,,,,,,1.21,0.62,1.06,0.51,0.66,0.19,0.21,
Sparkle,1991-09-25,305,0.54,0.53,0.58,0.68,0.54,0.45,0.36,0.34,0.58,0.52,0.55,0.48,0.87,0.45,,,
Split Open and Melt,1989-04-15,91,0.55,0.50,0.95,0.29,0.45,0.32,0.40,0.42,0.24,0.49,0.41,0.58,0.29,0.37,0.50,1.08,
Stash,1990-09-13,200,0.47,0.63,0.45,0.20,0.24,0.45,0.56,0.45,0.18,0.54,0.17,0.23,0.33,0.25,,,
Stealing Time From the Faulty Plan,2009-06-02,1186,0.45,0.73,0.37,0.36,0.61,,,,,,,,,,,,
Steam,2011-06-04,1291,0.28,0.42,0.45,0.50,,,,,,,,,,,,,
Strange Design,1995-05-16,691,0.59,0.58,0.89,0.43,0.88,0.62,1.01,0.13,,0.08,,,,,,,
Sugar Shack,2009-06-07,1190,0.66,0.21,0.20,0.19,,,,,,,,,,,,,
Suzy Greenberg,1987-02-13,17,0.85,0.66,0.93,1.23,0.63,0.69,0.81,0.85,0.87,1.49,1.12,1.06,0.74,1.07,0.81,0.99,
Sweet Adeline,1990-03-28,166,1.03,1.31,0.95,0.94,1.18,0.83,0.95,0.65,,,,,,,,,
Take the 'A' Train,1987-04-29,22,0.75,0.95,1.05,0.65,0.43,1.00,,,,,,,,,,,
Taste,1995-06-07,692,0.19,0.60,0.83,0.42,0.79,0.56,0.44,0.58,0.26,0.83,,,,,,,
Tela,1988-03-12,43,0.76,0.71,0.49,0.48,0.29,0.45,0.30,0.24,,0.41,,,0.51,0.66,0.70,0.10,
Terrapin,1987-09-21,30,0.88,0.03,0.69,0.06,0.06,,,,,,,,,,,,
The Ballad of Curtis Loew,1987-04-29,22,0.96,0.13,,,0.02,,,,,,,,0.21,0.18,1.34,,
The Curtain,1988-02-24,40,0.74,0.56,0.51,0.49,0.26,0.47,0.40,0.47,0.13,0.44,0.47,,,,,,
The Curtain With,1987-08-09,25,0.83,,,,,,,,,,0.39,1.19,0.43,0.11,0.02,0.30,
The Horse,1992-01-14,350,0.49,0.51,0.38,0.75,0.54,0.34,0.54,0.62,0.43,0.72,0.69,0.50,1.33,,,,
The Landlady,1990-09-13,200,0.65,0.57,0.44,0.63,0.38,,,,,,,,0.00,,0.37,,
The Line,2013-10-31,1395,0.47,0.41,,,,,,,,,,,,,,,
The Lizards,1988-01-27,35,0.62,0.72,0.57,0.47,0.47,0.60,0.64,0.45,0.61,0.52,0.57,0.84,0.87,0.72,0.82,1.01,
The Man Who Stepped Into Yesterday,1987-05-11,23,0.72,0.43,0.49,0.34,0.17,0.15,0.42,,0.63,0.06,0.40,0.43,,,0.06,0.05,
The Mango Song,1989-03-30,89,0.45,0.52,0.45,0.65,1.12,0.52,0.48,0.46,0.57,0.11,1.07,0.73,0.39,0.54,0.91,,
The Moma Dance,1998-06-30,929,0.47,0.57,0.40,0.23,0.17,0.61,0.64,,,,,,,,,,
The Oh Kee Pa Ceremony,1989-08-17,110,0.58,0.76,0.80,0.77,0.69,0.56,0.62,0.92,0.19,,0.59,0.86,1.20,,1.06,,
The Old Home Place,1994-06-26,626,0.99,0.25,0.17,0.20,1.54,0.01,,,0.11,0.06,,,,,,,
The Sloth,1987-08-09,25,0.61,0.53,0.61,0.54,0.52,0.55,0.21,0.21,0.27,0.29,1.11,0.32,0.43,0.32,0.20,0.21,
The Squirming Coil,1990-01-20,142,0.50,0.82,0.69,0.70,0.55,0.85,0.81,1.31,0.98,1.14,1.03,0.95,1.21,1.01,1.01,,
The Wedge,1993-02-03,458,0.46,,0.94,,0.86,0.45,0.69,0.57,0.66,0.72,0.73,0.64,,,,,
Theme From the Bottom,1995-05-16,691,0.70,0.86,0.73,0.75,0.53,0.52,0.48,0.61,0.41,0.20,,,,,,,
Timber (Jerry The Mule),1987-04-29,22,0.62,0.43,,,,,0.00,0.25,0.42,0.32,0.60,0.63,0.27,0.27,0.55,0.29,
Train Song,1996-07-21,788,0.48,0.21,0.55,,0.12,,0.36,0.29,0.20,,,,,,,,
Tube,1990-09-13,200,0.50,0.48,,,,0.26,0.33,0.65,0.51,0.26,0.47,0.58,0.85,0.86,1.25,,
Tweezer,1990-03-28,166,0.46,0.43,0.27,0.19,0.27,0.23,0.61,0.64,0.51,0.50,0.46,0.46,0.31,0.52,0.56,,
Tweezer Reprise,1991-02-01,234,0.80,0.89,0.84,0.94,1.11,1.02,0.94,0.65,0.86,0.96,0.88,0.51,0.78,1.41,,,
Twenty Years Later,2009-06-05,1188,0.36,0.50,0.41,0.69,0.51,,,,,,,,,,,,
Twist,1997-06-06,860,0.54,0.44,0.46,0.24,0.31,0.41,0.26,0.40,,,,,,,,,
Uncle Pen,1990-03-28,166,0.75,0.77,0.54,0.48,0.72,0.71,0.60,0.77,1.10,1.29,0.13,0.38,,0.27,,,
Undermind,2009-03-08,1184,0.51,0.50,0.20,0.13,0.64,,,,,,,,,,,,
Vultures,1997-06-06,860,0.42,0.37,0.32,0.35,0.27,0.28,0.19,0.16,,,,,,,,,
Wading in the Velvet Sea,1997-06-06,860,0.44,0.65,0.69,0.60,0.44,0.27,0.51,0.68,,,,,,,,,
Waiting All Night,2013-10-31,1395,0.67,0.24,,,,,,,,,,,,,,,
Walk Away,1988-07-23,59,0.72,0.52,,,0.65,0.05,,,,0.80,0.05,0.10,0.46,0.25,0.12,0.58,
Walls of the Cave,2002-12-31,1117,0.69,0.59,0.71,0.83,0.01,0.01,,,,,,,,,,,
Waste,1996-06-06,774,0.80,0.93,0.63,0.74,0.82,0.56,0.58,0.65,1.10,,,,,,,,
Water in the Sky,1997-06-06,860,0.30,0.28,0.49,0.39,0.21,0.34,1.11,0.17,,,,,,,,,
Waves,2002-12-31,1117,0.54,0.17,0.22,0.22,0.52,,,,,,,,,,,,
Weekapaug Groove,1988-07-23,59,0.71,0.69,0.49,0.26,0.17,0.19,0.34,0.19,0.60,0.55,0.54,0.53,0.58,0.71,0.85,0.89,
Weigh,1992-01-14,350,0.76,0.55,0.52,0.11,0.33,1.02,,,0.08,0.13,,0.28,0.31,,,,
What's the Use?,1999-07-04,998,0.57,0.83,0.47,0.01,0.23,0.65,1.02,,,,,,,,,,
When the Circus Comes,1997-02-13,844,0.91,0.83,0.62,0.81,0.15,0.88,1.12,0.74,,,,,,,,,
While My Guitar Gently Weeps,1994-10-31,660,0.97,1.48,,0.30,1.11,0.87,0.51,1.48,,,,,,,,,
Whipping Post,1985-11-23,9,0.71,1.21,,0.03,,,,,,,,,,,,,
Wilson,1986-10-12,13,0.59,0.48,0.71,0.62,0.46,0.76,0.53,0.60,0.56,1.11,0.35,0.69,0.73,0.71,1.00,1.27,1.30
Wingsuit,2013-10-31,1395,0.73,0.51,0.41,,,,,,,,,,,,,,
Wolfman's Brother,1994-04-04,567,0.40,0.30,0.48,0.46,0.59,0.70,0.54,0.35,0.29,0.40,0.32,,,,,,
Ya Mar,1987-02-21,18,0.65,0.51,0.75,1.02,0.13,0.46,1.06,0.68,0.57,0.51,0.88,0.43,0.12,0.20,0.28,0.15,
Yarmouth Road,2013-07-05,1362,0.17,0.38,0.20,,,,,,,,,,,,,,
You Enjoy Myself,1986-02-03,10,0.55,0.72,0.66,0.54,0.35,0.34,0.40,0.51,0.65,0.79,0.62,0.77,0.48,0.72,0.65,0.93,0.69
