title,debut_date,order_id,first_100,first_200,first_300,first_400,first_500,first_600,first_700,first_800,first_900,first_1000,first_1100,first_1200,first_1300,first_1400,first_1500,first_1600,first_1700
46 Days,2002-12-14,1115,2.01,1.81,1.82,1.87,1.80,1.30,,,,,,,,,,,
555,2013-10-31,1395,1.48,1.47,1.17,,,,,,,,,,,,,,
A Day in the Life,1995-06-10,695,3.06,2.70,2.62,,3.73,3.46,3.46,4.06,3.44,2.71,,,,,,,
A Song I Heard the Ocean Sing,2004-06-17,1166,1.92,1.54,1.53,1.96,2.59,,,,,,,,,,,,
AC/DC Bag,1986-04-01,11,1.95,1.77,2.32,1.72,2.92,2.33,1.43,1.48,1.53,1.50,1.43,1.37,1.13,1.04,1.09,1.19,1.08
Acoustic Army,1995-06-07,692,2.38,,,,,,,,,,,,,,,,
Alaska,2009-06-09,1191,1.93,1.93,1.43,1.65,1.75,,,,,,,,,,,,
All Things Reconsidered,1991-09-25,305,1.94,1.67,1.64,1.51,1.35,1.25,,,,,,,,,,,
Also Sprach Zarathustra,1993-07-16,531,1.94,2.00,2.01,1.93,2.17,2.36,2.52,2.60,2.67,2.63,2.60,,,,,,
Alumni Blues,1985-10-30,7,1.81,2.53,2.41,,,2.72,2.73,,,,4.47,,1.08,1.59,1.24,1.76,1.73
Alumni Blues > Letter to Jimmy Page > Alumni Blues,1985-10-17,6,1.83,1.43,3.76,,,,,,,,,,,1.00,,,
Amazing Grace,1993-02-03,458,3.81,3.40,3.13,3.16,,1.88,,,,,,,,,,,
Avenu Malkenu,1987-05-11,23,1.78,1.57,1.75,2.36,2.47,2.48,1.84,,2.14,2.43,2.04,2.17,,,1.23,1.19,
Axilla,1992-11-19,434,1.80,1.53,1.75,1.96,1.77,1.69,2.12,1.92,1.75,1.58,1.68,1.69,,,,,
Axilla (Part II),1994-04-16,577,1.86,1.94,,,,,,,,,,,,,,,
Back on the Train,1999-06-30,995,1.61,1.43,1.77,1.50,1.71,1.40,1.93,,,,,,,,,,
Backwards Down the Number Line,2009-03-06,1182,2.25,2.26,2.72,2.63,2.47,,,,,,,,,,,,
Banter,1990-01-20,142,2.03,3.06,2.79,3.54,3.37,1.00,1.80,3.41,1.88,1.60,3.21,,2.89,4.00,1.43,,
Bathtub Gin,1989-05-26,102,1.77,2.07,2.08,2.20,1.81,1.77,2.15,1.75,1.47,1.71,1.48,1.61,1.52,1.88,1.91,1.83,
Beauty of My Dreams,1997-02-16,846,1.48,1.41,1.47,,1.75,,1.23,1.05,,,,,,,,,
Big Ball Jam,1992-11-21,436,2.54,2.62,2.64,,,,,,,,,,,,,,
Big Black Furry Creature from Mars,1987-08-21,27,2.73,3.78,3.97,3.52,3.75,2.79,2.61,2.57,2.43,1.08,2.58,2.42,1.63,2.82,1.60,2.34,
Billy Breathes,1995-09-27,715,1.80,1.86,1.33,1.60,1.88,2.21,2.67,2.28,2.15,,,,,,,,
Birds of a Feather,1998-04-02,925,1.81,1.92,1.82,2.15,2.08,1.89,1.90,,,,,,,,,,
Blaze On,2015-07-21,1446,1.79,1.63,,,,,,,,,,,,,,,
Bold As Love,1988-07-11,57,2.04,2.49,,4.00,4.10,4.14,4.00,3.48,3.62,3.49,3.75,3.07,2.59,3.06,2.70,4.47,
Boogie On Reggae Woman,1987-02-21,18,2.41,,,,,,,,2.27,1.56,2.43,2.02,2.08,2.48,3.37,2.33,2.80
Bouncing Around the Room,1990-01-20,142,1.66,1.78,1.83,1.56,1.91,2.23,1.80,2.26,2.22,1.91,2.31,1.84,2.26,2.22,2.46,,
Brian and Robert,1998-06-30,929,2.56,2.55,1.60,1.76,1.44,1.50,1.88,,,,,,,,,,
Brother,1991-09-25,305,1.85,1.75,1.26,,2.37,2.20,2.28,,2.13,1.57,1.00,,1.82,,,,
Bug,1999-06-30,995,2.29,3.08,2.83,2.62,3.36,3.44,3.78,,,,,,,,,,
Buried Alive,1990-09-13,200,1.79,1.60,1.22,1.39,1.30,1.27,1.43,1.40,1.00,1.50,1.00,1.66,1.04,1.02,1.09,,
Camel Walk,1984-11-03,2,2.21,,,,,,,1.56,1.89,2.64,2.99,1.95,1.55,1.73,1.54,1.32,1.63
Caravan,1990-01-20,142,2.13,3.26,,1.58,1.98,2.79,1.04,,,,,,,,,,
Carini,1997-02-17,847,2.13,1.76,1.82,2.29,2.19,2.15,2.16,2.00,,,,,,,,,
Carolina,1990-01-20,142,2.06,2.44,3.54,4.05,2.63,2.16,3.90,1.98,1.48,2.95,,,,1.00,1.00,,
Cars Trucks Buses,1995-09-27,715,1.51,1.57,1.37,1.54,1.35,1.16,1.02,1.02,1.04,1.13,,,,,,,
Cavern,1990-03-28,166,1.96,1.89,2.44,2.36,2.83,2.38,2.26,2.87,2.36,2.55,2.55,2.43,2.22,2.37,2.31,,
Chalk Dust Torture,1991-02-01,234,1.77,1.97,1.77,2.06,2.08,1.58,1.84,2.08,1.78,1.45,1.83,1.91,1.92,2.04,,,
Character Zero,1996-06-06,774,2.06,2.35,2.79,2.81,2.79,2.82,3.26,3.20,3.49,,,,,,,,
Cities,1984-12-01,3,1.98,,,,,,2.41,,2.34,1.66,1.99,1.78,1.49,1.46,1.93,2.11,2.31
Cold as Ice,1992-01-14,350,2.77,,,,,,,,,,,,,,,,
Colonel Forbin's Ascent,1988-03-12,43,1.73,1.59,1.57,1.48,1.62,1.80,1.61,1.79,2.48,1.74,2.25,1.28,1.18,2.15,1.38,,
Contact,1988-06-15,52,2.70,3.70,4.05,4.02,2.90,2.82,2.65,2.96,2.98,3.71,3.52,3.40,2.80,4.00,3.51,3.23,
Crosseyed and Painless,1996-10-31,816,1.73,,2.39,2.06,2.12,2.11,2.20,2.01,1.96,,,,,,,,
David Bowie,1986-10-31,15,2.41,1.96,2.11,2.06,1.80,2.03,2.09,2.14,2.27,2.14,2.30,2.16,2.09,2.22,2.05,1.94,1.87
Destiny Unbound,1990-09-14,201,2.09,2.13,,,,,,,,1.48,1.62,1.34,1.45,1.39,1.54,,
Dinner and a Movie,1987-11-19,34,2.43,1.58,1.92,2.05,2.10,1.84,2.35,1.30,2.07,,2.00,1.26,1.06,1.03,,1.40,
Dirt,1997-06-06,860,1.66,2.01,1.65,1.86,2.28,2.25,2.40,2.31,,,,,,,,,
Divided Sky,1987-05-11,23,1.92,1.68,1.63,1.53,1.46,1.40,1.44,1.29,1.47,1.59,1.50,1.56,1.43,1.35,1.43,1.49,1.21
Dog Faced Boy,1994-04-14,575,2.04,1.97,1.77,2.04,2.97,1.76,2.20,1.66,1.39,2.00,1.72,,,,,,
Dogs Stole Things,1997-06-06,860,1.38,1.39,1.54,,1.08,,1.09,1.11,,,,,,,,,
Down with Disease,1994-04-04,567,1.74,1.55,1.79,1.89,2.01,1.87,1.77,1.96,2.08,1.96,1.96,,,,,,
Driver,1998-10-17,964,1.69,3.11,1.43,2.36,1.57,1.53,3.12,,,,,,,,,,
Drowned,1995-10-31,739,2.32,1.99,1.55,2.07,2.17,2.05,2.19,2.67,2.41,,,,,,,,
Esther,1988-09-12,70,1.85,1.72,1.96,1.70,1.52,1.88,1.45,1.36,1.44,,1.77,2.42,2.25,1.43,1.39,,
Farmhouse,1997-11-16,902,1.57,1.49,2.63,2.06,2.26,2.53,2.29,1.72,,,,,,,,,
Fast Enough for You,1992-11-19,434,2.13,1.71,1.50,1.45,1.39,1.60,2.10,1.99,2.18,1.82,1.53,1.15,,,,,
Fee,1987-08-10,26,2.10,2.21,2.32,2.05,1.73,1.75,1.83,1.98,1.89,1.93,1.82,1.32,2.47,1.33,2.22,4.00,4.33
Fire,1984-12-01,3,2.03,3.29,3.73,4.46,4.31,4.21,3.87,3.67,3.46,3.08,3.47,3.15,4.17,3.51,3.72,1.70,1.94
First Tube,1999-09-09,1018,1.46,3.24,3.53,3.31,3.05,2.84,3.09,,,,,,,,,,
Fluffhead,1984-12-01,3,2.04,1.86,2.01,1.87,1.71,1.87,1.94,1.81,2.02,2.03,2.41,2.00,2.32,2.34,3.12,2.17,1.36
Fly Famous Mockingbird,1988-02-07,37,1.86,1.73,1.70,1.60,1.77,1.91,1.79,1.91,,1.92,2.46,1.35,1.26,2.23,1.49,,
Foam,1988-10-29,73,1.79,1.61,1.33,1.25,1.21,1.21,1.22,1.26,1.44,1.58,1.33,1.19,1.31,1.28,1.47,4.00,
Frankenstein,1989-11-11,129,1.92,2.98,,,2.36,2.49,2.97,2.60,2.96,2.56,3.19,3.39,1.56,3.48,4.18,,
Frankie Says,1998-04-02,925,1.77,1.91,1.74,2.54,2.10,1.41,,,,,,,,,,,
Free,1995-05-16,691,1.90,2.12,2.24,2.04,2.41,2.48,1.89,1.54,1.38,1.33,,,,,,,
Free Bird,1987-03-06,19,2.00,,,,,4.05,4.00,,,3.43,2.83,,4.00,,,,
Fuego,2013-10-31,1395,2.23,2.23,2.23,,,,,,,,,,,,,,
Funky Bitch,1986-12-06,16,1.46,1.88,2.41,2.83,2.05,1.00,3.05,2.36,2.51,2.05,1.69,1.32,1.65,1.35,1.46,1.62,2.97
Ghost,1997-06-06,860,1.92,1.88,2.05,2.31,2.35,2.13,1.93,1.91,,,,,,,,,
Ginseng Sullivan,1993-08-11,550,2.22,1.28,1.91,1.73,1.42,1.43,1.49,1.60,1.35,1.61,1.30,,,,,,
Glide,1991-09-27,307,2.53,1.95,1.63,1.71,1.93,1.92,1.84,2.69,1.82,1.33,1.55,1.05,1.49,1.62,,,
Golden Age,2009-11-27,1222,2.36,2.15,2.25,2.28,2.33,,,,,,,,,,,,
Golgi Apparatus,1986-10-12,13,1.71,2.11,2.13,2.37,2.20,2.83,2.58,2.83,2.37,2.50,2.34,2.09,2.57,2.05,2.76,3.45,1.93
Good Times Bad Times,1986-12-06,16,2.39,2.89,3.55,4.31,3.97,3.41,3.55,3.29,2.84,2.64,3.92,3.50,3.99,3.90,3.42,3.74,2.93
Gotta Jibboo,1999-09-10,1019,1.95,1.74,2.08,1.99,2.29,2.02,1.90,,,,,,,,,,
Guelah Papyrus,1991-02-01,234,1.90,1.51,1.38,1.23,1.32,1.22,1.42,1.35,1.29,2.23,1.39,1.37,1.32,1.47,,,
Gumbo,1990-09-28,207,2.58,,,3.49,1.50,1.71,1.45,1.55,1.65,1.45,1.50,1.49,1.28,1.43,1.44,,
Guyute,1994-10-07,641,1.59,1.50,2.33,1.95,1.92,1.81,1.97,2.32,1.72,1.73,,,,,,,
Ha Ha Ha,1995-05-16,691,1.56,1.69,2.71,1.66,2.45,1.48,1.09,1.51,1.16,,,,,,,,
Halfway to the Moon,2010-06-19,1241,2.28,1.55,1.57,1.47,,,,,,,,,,,,,
Halley's Comet,1986-10-12,13,1.90,,,,2.09,2.39,2.21,2.16,2.50,2.67,2.36,1.88,1.87,1.73,1.54,1.76,1.40
Harpua,1987-05-11,23,2.78,3.11,3.17,2.71,2.77,2.40,2.76,2.92,2.85,2.56,,2.62,2.17,2.50,4.36,2.54,
Harry Hood,1985-10-30,7,2.33,2.24,2.81,2.62,2.82,2.64,2.81,2.57,2.49,3.09,2.63,2.70,2.67,2.92,2.95,2.77,2.81
Heavy Things,1999-09-11,1020,1.75,1.82,2.38,1.85,1.62,1.91,,,,,,,,,,,
Hello My Baby,1995-09-27,715,2.56,3.07,3.35,3.66,3.39,,,,,1.00,,,,,,,
Highway to Hell,1989-10-01,116,3.14,4.37,3.48,3.30,3.82,3.50,2.97,3.02,,,3.15,,,,,,
Hold Your Head Up,1990-06-05,194,2.87,2.76,2.76,2.84,2.76,2.69,2.71,2.60,2.96,2.60,2.30,2.28,3.74,4.21,4.17,,
Hold Your Head Up > Love You > Hold Your Head Up,1990-06-07,195,2.60,2.83,2.74,2.79,2.75,,,,2.81,,,,,,,,
Horn,1990-05-24,190,2.48,2.58,1.70,1.55,1.44,1.30,1.38,1.61,1.43,1.62,1.63,1.80,1.56,1.68,1.51,,
"I''m Blue, I''m Lonesome",1994-11-16,667,2.27,,1.27,1.52,2.64,,,,,,,,,,,,
I Am Hydrogen,1986-10-15,14,1.98,2.17,2.15,2.40,2.49,2.57,2.35,2.59,2.40,1.95,2.70,2.10,2.10,1.84,1.72,1.70,
I Didn't Know,1987-11-18,33,2.00,2.30,2.25,1.94,1.72,1.68,1.53,1.68,1.60,1.61,1.81,1.89,1.56,1.49,1.86,1.68,
If I Could,1994-04-04,567,1.83,1.51,1.49,2.28,,1.88,2.15,2.35,2.19,,1.85,,,,,,
It's Ice,1991-09-25,305,1.65,1.74,1.77,1.69,1.82,1.49,1.53,1.59,1.41,1.54,1.57,1.59,1.54,1.77,,,
Jam,1986-10-31,15,1.86,,,2.72,1.95,3.58,2.84,2.30,2.35,2.49,2.60,2.34,2.00,,,,
Jesus Just Left Chicago,1987-08-10,26,2.89,2.64,2.88,3.30,2.49,2.63,2.24,3.69,2.28,2.07,1.81,2.24,1.51,1.66,1.37,1.48,
Joy,2009-06-07,1190,2.75,2.68,2.85,2.57,2.64,,,,,,,,,,,,
Julius,1994-04-04,567,1.99,1.97,2.33,2.17,2.80,2.08,2.40,2.70,2.83,2.91,3.77,,,,,,
Kill Devil Falls,2009-06-02,1186,1.33,1.46,1.40,1.26,1.34,,,,,,,,,,,,
Kung,1989-11-02,125,2.38,,,1.82,2.07,1.22,2.01,2.47,2.58,2.79,2.41,3.75,2.92,,4.44,,
La Grange,1987-08-09,25,2.40,2.43,4.49,,,3.39,,2.81,2.19,1.64,4.00,,,1.94,,,
Lawn Boy,1989-11-30,131,2.61,3.17,3.55,2.02,2.29,1.95,2.04,2.39,1.65,2.17,1.90,1.54,1.71,1.71,1.45,,
Letter to Jimmy Page,1985-10-30,7,1.81,2.63,2.43,,,,1.64,,,,,,1.10,1.60,1.25,1.78,1.75
Lifeboy,1993-02-03,458,2.52,2.41,2.46,2.31,2.53,1.44,1.45,2.40,2.24,,2.19,2.24,,,,,
Light,2009-05-31,1185,2.23,2.41,2.49,2.44,2.57,,,,,,,,,,,,
Limb By Limb,1997-06-06,860,1.82,1.82,1.85,2.18,1.88,2.01,1.80,2.36,,,,,,,,,
Llama,1990-10-30,216,1.71,1.94,1.88,1.54,1.45,1.83,1.91,2.26,1.70,1.34,1.57,1.62,1.11,1.39,,,
Love You,1987-10-31,32,2.15,2.56,3.20,2.83,2.70,2.83,2.74,,,,2.62,2.37,1.74,,4.08,,
Loving Cup,1993-02-03,458,1.72,1.50,2.93,2.49,2.83,2.51,3.65,3.28,3.82,4.00,3.83,3.71,,,,,
Magilla,1990-09-13,200,2.29,2.53,1.79,2.32,,,2.43,2.30,2.23,1.80,,,,,,,
Makisupa Policeman,1984-12-01,3,2.23,1.99,2.19,,,1.94,1.78,1.89,1.87,1.88,2.53,2.42,2.70,2.41,3.29,2.89,1.88
Martian Monster,2014-10-31,1439,1.61,1.96,,,,,,,,,,,,,,,
Maze,1992-01-14,350,1.57,1.56,1.75,1.70,1.94,1.82,1.73,1.56,2.10,1.87,1.55,1.58,2.04,,,,
McGrupp and the Watchful Hosemasters,1985-10-17,6,2.07,1.71,2.05,2.62,2.36,2.42,2.31,2.25,2.47,1.86,2.48,2.95,1.69,1.98,1.37,1.39,
Meat,1998-07-02,931,1.85,1.84,1.40,1.39,1.43,1.29,1.41,,,,,,,,,,
Meatstick,1997-06-25,869,2.40,2.58,2.42,2.72,2.68,3.18,2.53,2.88,,,,,,,,,
Memories,1991-09-26,306,3.17,2.21,3.27,4.56,,,,,,,,,,,,,
Mike's Song,1985-05-03,5,1.77,2.07,1.99,2.33,2.38,2.39,2.29,2.28,2.28,1.87,2.30,2.02,2.21,2.15,2.16,1.69,1.92
Mound,1992-01-14,350,1.93,1.97,1.86,1.55,1.36,,,1.63,1.25,1.68,1.40,1.51,1.43,,,,
"My Friend, My Friend",1992-01-14,350,1.71,1.86,1.68,1.07,1.02,1.57,1.03,1.51,1.44,1.98,1.79,1.68,1.57,,,,
My Mind's Got a Mind of its Own,1992-01-14,350,1.99,1.74,2.02,1.63,1.91,1.38,1.43,1.42,1.39,1.13,1.75,,,,,,
My Soul,1997-02-13,844,2.07,1.59,1.54,1.14,1.23,1.31,1.19,1.39,,,,,,,,,
My Sweet One,1989-09-09,113,1.86,1.89,2.24,2.53,2.44,2.95,1.70,,1.38,1.96,1.33,1.46,1.44,1.71,2.15,1.19,
Narration,1988-06-21,55,2.10,,1.57,1.57,2.12,1.43,,,1.81,,,,,,,,
Nellie Kane,1993-02-23,475,2.21,2.93,2.64,,,1.60,2.71,1.49,1.47,1.47,1.52,1.38,,,,,
NICU,1992-01-14,350,1.96,,1.49,1.69,1.78,1.45,1.61,1.83,1.54,1.57,1.63,1.30,1.68,,,,
No Men In No Man's Land,2015-07-21,1446,1.86,1.86,,,,,,,,,,,,,,,
Ocelot,2009-05-31,1185,1.34,1.57,1.49,1.72,1.30,,,,,,,,,,,,
Party Time,2009-08-15,1210,1.77,1.49,1.38,1.53,1.80,,,,,,,,,,,,
Paul and Silas,1990-09-13,200,2.11,1.55,2.28,1.92,1.49,1.11,1.10,1.24,,,1.15,1.88,1.16,,,,
Peaches en Regalia,1986-10-15,14,1.85,,,,,1.75,1.76,,1.53,,1.80,,1.30,1.47,,2.03,
Piper,1997-06-06,860,2.16,2.20,2.02,2.35,2.50,2.42,2.47,2.49,,,,,,,,,
Poor Heart,1988-08-04,65,1.70,,1.88,1.69,1.82,1.84,1.95,1.37,1.72,1.47,1.50,1.55,1.42,1.38,1.40,1.66,
Possum,1985-10-30,7,1.97,1.93,2.26,2.15,2.09,2.27,2.22,2.36,3.15,2.42,2.17,2.26,1.73,1.72,2.15,2.29,2.37
Prince Caspian,1995-06-08,693,1.62,2.26,2.64,2.53,2.43,2.35,2.27,2.25,2.43,2.14,,,,,,,
Punch You In the Eye,1989-08-17,110,2.11,,,1.74,1.82,1.52,1.47,1.62,1.71,1.29,1.31,1.32,1.62,1.86,1.55,,
Quinn the Eskimo,1986-04-01,11,1.73,,,,,,,,,2.49,1.32,,3.09,2.99,4.19,3.72,
Reba,1989-10-01,116,1.75,1.72,1.45,1.67,1.88,1.72,1.58,1.93,1.77,2.07,1.67,1.80,1.82,1.73,1.42,1.44,
Rift,1990-02-25,157,2.19,1.60,1.55,1.54,1.62,1.72,1.50,1.42,1.50,1.76,1.53,1.63,1.46,1.47,1.65,,
Rock and Roll,1998-10-31,970,2.72,1.97,2.16,2.10,2.42,3.28,3.94,,,,,,,,,,
Rocky Top,1987-09-21,30,2.26,2.06,3.09,4.03,4.30,4.19,4.52,4.44,3.27,3.66,4.23,1.80,2.81,3.24,3.92,4.30,
Roggae,1998-06-30,929,1.60,1.63,1.45,1.73,1.81,1.58,1.44,,,,,,,,,,
Roses Are Free,1997-12-11,918,1.85,1.91,1.07,1.66,1.60,1.70,2.31,,,,,,,,,,
Run Like an Antelope,1985-05-03,5,2.53,2.32,2.55,2.06,1.86,2.12,2.17,2.22,2.21,2.52,2.31,2.37,2.19,2.51,2.58,2.59,2.68
Runaway Jim,1990-03-28,166,1.94,1.74,1.69,1.55,1.31,1.61,1.57,1.61,1.97,1.69,1.31,1.30,1.54,2.07,1.88,,
Sample in a Jar,1993-02-04,459,1.65,1.84,2.02,1.88,2.07,2.07,1.93,1.56,1.33,1.31,1.14,1.42,,,,,
Sand,1999-09-11,1020,2.26,1.54,1.99,2.15,2.24,1.83,3.60,,,,,,,,,,
Sanity,1986-10-15,14,2.38,,,2.61,,1.86,2.61,3.81,1.00,2.33,,1.00,2.76,3.72,1.76,2.97,
Saw It Again,1997-06-06,860,1.89,2.20,1.62,2.18,1.79,1.81,1.88,2.23,,,,,,,,,
Scent of a Mule,1994-04-04,567,1.94,1.96,2.26,2.35,1.63,1.95,1.97,1.71,1.54,1.88,1.83,,,,,,
Scents and Subtle Sounds,2003-07-07,1133,1.63,2.72,2.18,2.50,2.34,,,,,,,,,,,,
Seven Below,2002-12-31,1117,2.25,2.12,2.21,2.07,2.42,,,,,,,,,,,,
Show of Life,2010-06-11,1235,3.48,3.82,3.46,3.56,,,,,,,,,,,,,
Silent in the Morning,1992-01-14,350,2.10,2.01,1.81,1.87,2.02,1.82,2.09,2.78,2.38,2.85,2.66,2.91,2.89,,,,
Simple,1994-05-27,609,1.95,2.16,2.32,2.35,2.47,2.41,2.35,2.07,2.13,2.20,2.37,,,,,,
Slave to the Traffic Light,1984-12-01,3,2.00,2.23,2.66,2.51,,2.51,2.91,2.48,2.75,2.64,2.62,2.66,2.95,3.01,2.80,3.05,3.66
Sleeping Monkey,1992-01-14,350,3.84,4.00,4.00,3.25,3.34,2.91,2.80,3.45,4.00,4.00,4.09,3.76,4.21,,,,
Sneakin' Sally Through the Alley,1985-10-30,7,1.85,,,,,,,,,1.90,1.83,2.17,2.25,2.61,2.68,2.62,2.66
Sparkle,1991-09-25,305,1.60,1.55,1.79,1.83,1.89,2.05,1.61,1.55,1.76,2.05,1.47,1.80,2.24,1.80,,,
Split Open and Melt,1989-04-15,91,1.93,2.04,1.84,1.45,1.53,1.64,1.71,1.56,1.60,1.88,1.87,2.10,1.94,1.91,2.45,2.81,
Stash,1990-09-13,200,1.90,1.74,1.63,1.41,1.51,1.55,1.57,1.62,1.59,1.57,1.52,1.56,1.56,1.50,1.25,,
Stealing Time From the Faulty Plan,2009-06-02,1186,1.47,1.91,1.38,1.35,1.91,,,,,,,,,,,,
Steam,2011-06-04,1291,2.41,2.26,2.16,1.66,,,,,,,,,,,,,
Strange Design,1995-05-16,691,2.06,2.23,2.37,1.79,2.17,1.80,2.07,1.43,,1.83,,,,,,,
Sugar Shack,2009-06-07,1190,1.83,1.53,1.50,1.35,1.16,,,,,,,,,,,,
Suzy Greenberg,1987-02-13,17,1.91,1.66,2.10,2.05,1.71,2.29,2.38,2.42,2.68,2.51,2.33,2.82,2.61,2.84,2.72,2.88,2.92
Sweet Adeline,1990-03-28,166,1.84,2.92,2.34,3.86,2.78,2.70,2.69,2.21,4.00,,,2.98,,1.00,,,
Take the 'A' Train,1987-04-29,22,1.98,2.17,2.88,2.49,2.68,3.26,,,,,,,,,,,
Taste,1995-06-07,692,1.43,1.80,1.88,1.63,2.08,2.08,1.68,1.93,2.29,2.07,,,,,,,
Tela,1988-03-12,43,2.35,1.83,2.18,2.15,2.15,1.80,1.69,1.58,1.67,1.73,,1.54,2.00,1.81,1.92,1.66,
Terrapin,1987-09-21,30,2.86,2.70,2.81,2.78,2.77,2.80,,2.59,,4.00,,2.70,,,,4.09,
The Ballad of Curtis Loew,1987-04-29,22,2.92,2.69,,,2.20,2.24,,,,,,2.72,1.66,1.63,2.46,,1.25
The Curtain,1988-02-24,40,1.53,1.71,1.57,1.61,1.99,1.62,1.97,1.68,1.07,1.34,1.81,,1.10,1.48,,1.28,
The Curtain With,1987-08-09,25,2.03,,,,,,,,,,1.31,1.76,1.65,1.14,1.01,1.13,
The Horse,1992-01-14,350,2.08,2.02,1.81,1.84,2.01,1.81,2.07,2.36,2.36,2.75,3.32,2.99,2.84,,,,
The Landlady,1990-09-13,200,1.63,1.69,1.29,1.80,2.13,,,,,,,,1.00,,1.26,,
The Line,2013-10-31,1395,1.81,1.83,,,,,,,,,,,,,,,
The Lizards,1988-01-27,35,1.98,2.12,2.15,2.14,2.15,2.09,2.12,1.94,2.02,2.21,2.15,2.57,3.05,2.78,3.30,3.34,
The Man Who Stepped Into Yesterday,1987-05-11,23,1.71,1.54,1.73,2.36,2.48,2.50,1.85,,1.79,2.38,1.99,2.01,,,1.23,1.20,
The Mango Song,1989-03-30,89,2.21,1.81,2.21,2.22,2.41,1.97,2.09,1.98,2.59,2.34,2.65,2.04,2.29,2.02,3.36,1.72,
The Moma Dance,1998-06-30,929,1.70,1.59,1.45,1.37,1.18,1.28,1.36,,,,,,,,,,
The Oh Kee Pa Ceremony,1989-08-17,110,1.70,2.00,2.18,1.94,2.11,1.84,1.44,1.72,1.11,1.62,2.16,1.76,2.14,2.80,2.13,,
The Old Home Place,1994-06-26,626,2.38,1.23,1.43,1.43,2.23,1.49,1.57,1.24,1.28,1.31,,,,,,,
The Sloth,1987-08-09,25,2.06,1.93,1.83,1.77,1.62,1.91,1.46,1.30,1.44,1.42,1.76,1.25,1.43,1.44,1.47,1.39,
The Squirming Coil,1990-01-20,142,1.76,2.09,2.09,2.54,2.31,2.98,2.35,2.55,3.12,2.73,3.03,2.34,3.05,2.62,3.08,,
The Wedge,1993-02-03,458,1.85,,2.08,2.57,1.58,2.02,1.76,2.01,2.09,2.02,1.98,1.96,,,,,
Theme From the Bottom,1995-05-16,691,1.94,1.91,1.57,2.21,1.81,2.42,2.18,2.29,1.63,1.47,,,,,,,
Timber (Jerry The Mule),1987-04-29,22,2.35,2.02,,,1.79,,2.00,1.95,1.92,2.30,1.58,2.03,1.67,1.47,1.56,1.48,
Train Song,1996-07-21,788,1.92,1.56,2.28,1.78,1.62,1.83,1.47,1.57,1.61,,,,,,,,
Tube,1990-09-13,200,1.70,1.96,2.24,1.07,4.46,1.71,1.56,1.77,1.46,1.94,1.65,1.59,1.65,1.79,2.01,,
Tweezer,1990-03-28,166,1.95,2.25,2.20,2.12,2.24,2.24,2.10,1.95,1.99,1.83,2.16,2.01,2.43,2.00,2.04,,
Tweezer Reprise,1991-02-01,234,2.88,3.50,3.73,3.34,3.77,3.14,3.25,4.41,4.24,4.16,4.34,4.42,4.07,3.76,,,
Twenty Years Later,2009-06-05,1188,2.23,2.31,2.65,2.56,2.19,,,,,,,,,,,,
Twist,1997-06-06,860,2.07,1.97,2.17,2.36,2.39,2.19,2.41,2.38,,,,,,,,,
Uncle Pen,1990-03-28,166,1.88,1.99,1.75,2.09,2.20,2.02,1.82,1.94,1.78,2.35,1.26,1.38,,1.37,,,
Undermind,2009-03-08,1184,1.73,1.82,1.26,1.38,1.76,,,,,,,,,,,,
Vultures,1997-06-06,860,1.72,1.55,1.66,1.43,1.30,1.49,1.48,1.45,,,,,,,,,
Wading in the Velvet Sea,1997-06-06,860,2.35,2.29,3.23,2.60,2.65,2.63,3.12,2.99,,,,,,,,,
Waiting All Night,2013-10-31,1395,1.95,1.46,2.74,,,,,,,,,,,,,,
Walk Away,1988-07-23,59,1.97,1.83,4.25,,2.58,2.66,,,,2.81,2.61,1.51,1.85,1.68,1.77,2.57,
Walls of the Cave,2002-12-31,1117,2.20,1.87,2.29,2.41,1.85,1.88,,,,,,,,,,,
Waste,1996-06-06,774,2.50,2.65,2.13,3.39,2.78,3.06,2.97,2.89,2.85,,,,,,,,
Water in the Sky,1997-06-06,860,1.49,1.50,1.75,1.53,1.56,1.55,1.96,1.40,,,,,,,,,
Waves,2002-12-31,1117,2.07,2.40,2.35,2.38,2.12,2.21,,,,,,,,,,,
Weekapaug Groove,1988-07-23,59,2.05,2.16,2.38,2.44,2.60,2.48,2.52,2.72,2.39,2.54,2.26,2.36,2.33,2.52,2.36,2.14,
Weigh,1992-01-14,350,2.54,1.53,1.52,1.25,1.32,2.03,1.83,,1.29,1.41,1.03,1.40,1.43,,,,
What's the Use?,1999-07-04,998,2.08,1.93,2.17,2.74,2.45,1.94,2.98,,,,,,,,,,
When the Circus Comes,1997-02-13,844,2.89,2.46,2.29,2.10,1.66,2.12,2.02,2.27,,,,,,,,,
While My Guitar Gently Weeps,1994-10-31,660,2.98,2.95,,4.09,3.05,3.94,2.21,2.95,,1.78,,,,,,,
Whipping Post,1985-11-23,9,2.91,3.72,,2.85,,,,2.67,,,1.33,,,,,,
Wilson,1986-10-12,13,1.76,1.66,1.60,1.53,1.67,1.83,1.45,1.78,1.73,2.11,1.41,1.55,1.89,1.76,1.74,3.08,1.92
Wingsuit,2013-10-31,1395,2.15,2.20,1.83,,,,,,,,,,,,,,
Wolfman's Brother,1994-04-04,567,2.35,1.34,1.65,1.74,1.90,1.65,1.60,1.45,1.35,1.54,1.56,,,,,,
Ya Mar,1987-02-21,18,1.61,1.50,1.86,2.04,2.47,1.76,2.24,1.54,1.66,1.39,1.70,1.55,1.34,1.55,1.47,1.56,
Yarmouth Road,2013-07-05,1362,1.46,1.41,1.43,,,,,,,,,,,,,,
You Enjoy Myself,1986-02-03,10,1.58,1.76,1.86,2.19,2.29,2.39,2.37,2.21,2.00,2.54,2.58,2.40,2.86,2.64,2.79,2.66,3.44
