title,debut_date,order_id,first_100,first_200,first_300,first_400,first_500,first_600,first_700,first_800,first_900,first_1000,first_1100,first_1200,first_1300,first_1400,first_1500,first_1600,first_1700
46 Days,2002-12-14,1115,38.72,12.03,8.85,16.37,12.36,8.65,,,,,,,,,,,
555,2013-10-31,1395,7.89,7.42,5.93,,,,,,,,,,,,,,
A Day in the Life,1995-06-10,695,7.23,8.13,5.31,,7.64,6.83,5.69,6.21,6.15,4.73,,,,,,,
A Song I Heard the Ocean Sing,2004-06-17,1166,19.39,11.25,10.45,18.89,10.14,,,,,,,,,,,,
AC/DC Bag,1986-04-01,11,11.90,7.88,7.25,6.66,8.51,10.08,9.41,10.97,25.90,25.43,27.21,20.27,8.46,7.27,7.15,7.71,5.56
Acoustic Army,1995-06-07,692,6.77,,,,,,,,,,,,,,,,
Alaska,2009-06-09,1191,10.57,11.05,9.48,9.86,9.19,,,,,,,,,,,,
All Things Reconsidered,1991-09-25,305,4.65,4.12,3.17,3.86,3.12,4.60,,,,,,,,,,,
Also Sprach Zarathustra,1993-07-16,531,5.13,4.95,12.12,22.87,24.22,21.56,10.63,10.41,8.18,11.49,13.07,,,,,,
Alumni Blues,1985-10-30,7,12.25,5.02,4.17,,,3.45,2.61,,,,6.86,,7.47,7.03,5.25,6.66,4.33
Alumni Blues > Letter to Jimmy Page > Alumni Blues,1985-10-17,6,10.20,6.46,6.01,,,,,,,,,,,7.64,,,
Amazing Grace,1993-02-03,458,4.62,4.41,6.92,5.74,,5.70,,,,,,,,,,,
Avenu Malkenu,1987-05-11,23,5.30,3.34,3.28,3.29,3.17,3.17,3.24,,3.24,3.36,3.23,3.25,,,3.35,3.38,
Axilla,1992-11-19,434,4.75,4.07,3.75,5.72,9.62,5.80,5.84,3.85,4.93,5.28,4.55,3.95,,,,,
Axilla (Part II),1994-04-16,577,6.07,6.82,,,,,,,,,,,,,,,
Back on the Train,1999-06-30,995,12.74,12.49,17.20,10.14,9.41,11.00,9.16,,,,,,,,,,
Backwards Down the Number Line,2009-03-06,1182,20.51,12.16,10.09,9.67,8.09,,,,,,,,,,,,
Banter,1990-01-20,142,8.26,15.22,11.20,2.49,1.42,0.46,3.86,2.54,4.46,4.38,8.22,,3.13,2.02,3.13,,
Bathtub Gin,1989-05-26,102,8.15,7.95,10.69,9.48,15.52,12.73,23.58,27.10,31.31,20.04,26.87,18.00,15.33,23.36,18.40,17.49,
Beauty of My Dreams,1997-02-16,846,4.57,6.33,3.89,,3.61,,3.55,3.40,,,,,,,,,
Big Ball Jam,1992-11-21,436,8.65,3.00,2.78,,,,,,,,,,,,,,
Big Black Furry Creature from Mars,1987-08-21,27,5.67,6.87,7.86,6.90,11.34,6.91,7.92,6.44,6.82,5.16,6.69,8.93,5.31,5.48,5.57,4.73,
Billy Breathes,1995-09-27,715,6.45,7.40,8.02,7.81,5.87,5.84,8.10,5.43,7.73,,,,,,,,
Birds of a Feather,1998-04-02,925,25.39,14.58,21.21,10.01,14.64,15.32,23.51,,,,,,,,,,
Blaze On,2015-07-21,1446,23.30,19.90,,,,,,,,,,,,,,,
Bold As Love,1988-07-11,57,7.52,6.48,,7.95,5.99,5.78,6.02,6.09,7.20,8.63,7.95,6.74,5.93,8.41,6.60,6.65,
Boogie On Reggae Woman,1987-02-21,18,5.36,,,,,,,,7.93,11.26,22.05,17.12,10.02,11.84,8.39,7.84,5.39
Bouncing Around the Room,1990-01-20,142,5.57,5.97,5.19,4.12,3.86,5.71,4.36,4.94,4.46,4.91,5.03,4.05,4.29,4.44,3.82,,
Brian and Robert,1998-06-30,929,5.68,5.49,4.69,3.67,4.15,4.27,4.06,,,,,,,,,,
Brother,1991-09-25,305,7.31,5.23,5.04,,6.39,7.57,14.74,,7.50,6.95,6.36,,7.86,,,,
Bug,1999-06-30,995,11.28,11.73,9.05,9.83,8.36,8.36,7.87,,,,,,,,,,
Buried Alive,1990-09-13,200,5.01,3.44,3.74,3.18,3.79,3.23,2.90,14.52,3.91,3.60,3.44,4.59,4.19,4.64,4.13,,
Camel Walk,1984-11-03,2,8.61,,,,,,,5.33,5.78,5.27,5.46,5.99,6.11,5.75,6.64,9.31,5.94
Caravan,1990-01-20,142,12.13,8.49,,7.38,11.20,7.85,5.87,,,,,,,,,,
Carini,1997-02-17,847,21.41,16.38,11.16,8.23,11.78,19.32,21.39,20.26,,,,,,,,,
Carolina,1990-01-20,142,2.69,2.98,2.76,4.07,2.16,2.73,1.47,1.44,3.28,4.25,,,,1.65,1.87,,
Cars Trucks Buses,1995-09-27,715,5.26,9.57,6.22,7.26,7.64,6.42,7.58,5.50,6.19,6.97,,,,,,,
Cavern,1990-03-28,166,6.01,5.69,7.30,7.14,6.83,6.52,10.26,6.82,7.07,7.80,8.03,5.07,7.88,7.83,4.82,,
Chalk Dust Torture,1991-02-01,234,8.66,7.44,7.90,8.82,10.30,8.99,15.90,16.87,14.64,25.68,16.58,27.95,24.35,23.89,,,
Character Zero,1996-06-06,774,8.48,21.15,10.59,11.81,11.91,10.62,9.42,12.96,7.84,,,,,,,,
Cities,1984-12-01,3,6.25,,,,,,4.83,,23.41,15.65,9.48,19.09,11.07,10.64,15.11,12.83,5.67
Cold as Ice,1992-01-14,350,4.48,,,,,,,,,,,,,,,,
Colonel Forbin's Ascent,1988-03-12,43,11.46,9.91,11.12,13.24,15.41,12.05,12.64,10.73,7.38,6.14,14.37,6.10,11.70,5.54,11.09,,
Contact,1988-06-15,52,9.02,8.25,7.85,9.10,7.54,6.88,6.76,6.19,7.89,6.86,8.45,7.86,6.78,7.30,7.69,7.18,
Crosseyed and Painless,1996-10-31,816,24.01,,21.25,26.45,15.03,19.22,17.57,33.03,12.66,,,,,,,,
David Bowie,1986-10-31,15,21.02,23.10,15.72,18.58,15.79,21.51,37.46,23.33,26.85,24.93,25.35,21.45,16.52,17.33,12.82,13.61,13.89
Destiny Unbound,1990-09-14,201,7.56,5.66,,,,,,,,7.35,7.38,6.64,6.85,8.62,9.87,,
Dinner and a Movie,1987-11-19,34,7.76,4.53,5.52,3.92,3.92,3.89,3.42,4.37,3.62,,3.62,4.10,4.62,4.02,,3.88,
Dirt,1997-06-06,860,4.87,6.08,5.51,5.15,5.24,5.18,5.37,4.76,,,,,,,,,
Divided Sky,1987-05-11,23,13.97,16.32,15.09,16.41,16.75,15.11,17.50,17.20,16.40,18.14,17.70,19.21,17.09,18.78,17.68,16.90,15.00
Dog Faced Boy,1994-04-14,575,4.12,8.11,2.25,4.92,3.07,3.19,3.48,2.36,3.02,2.51,2.60,,,,,,
Dogs Stole Things,1997-06-06,860,5.58,5.27,5.70,,5.34,,5.28,4.53,,,,,,,,,
Down with Disease,1994-04-04,567,17.68,31.76,29.24,25.27,23.76,27.89,22.33,24.25,25.78,28.10,20.50,,,,,,
Driver,1998-10-17,964,4.94,3.93,4.75,6.16,3.28,4.39,3.88,,,,,,,,,,
Drowned,1995-10-31,739,12.44,21.63,17.32,31.03,26.14,14.42,19.51,22.26,13.63,,,,,,,,
Esther,1988-09-12,70,10.28,9.47,9.84,10.28,10.72,10.33,9.25,9.28,9.47,,9.21,10.76,11.68,10.05,9.90,,
Farmhouse,1997-11-16,902,6.39,10.22,7.71,7.60,11.02,6.82,7.66,5.87,,,,,,,,,
Fast Enough for You,1992-11-19,434,6.79,7.04,7.33,8.45,7.93,8.99,9.48,8.22,7.53,8.26,6.39,6.00,,,,,
Fee,1987-08-10,26,7.81,5.87,6.61,6.04,6.02,6.91,6.26,6.45,8.74,12.82,10.90,9.88,7.42,12.13,5.18,6.91,5.01
Fire,1984-12-01,3,9.86,6.89,5.18,4.99,6.03,7.08,5.44,5.85,7.70,7.46,4.97,8.00,4.89,10.02,5.31,4.17,4.74
First Tube,1999-09-09,1018,14.35,10.14,10.11,10.26,10.91,10.84,5.91,,,,,,,,,,
Fluffhead,1984-12-01,3,16.39,15.65,14.96,15.22,14.65,15.35,15.43,15.51,16.65,21.99,22.73,17.29,16.69,16.21,15.52,17.87,16.20
Fly Famous Mockingbird,1988-02-07,37,9.70,7.09,6.69,7.24,13.20,12.84,6.33,7.34,,7.27,7.07,8.35,7.84,8.36,11.04,,
Foam,1988-10-29,73,9.15,10.28,9.79,9.73,11.49,11.97,11.28,11.58,12.16,11.21,11.48,9.28,10.55,8.25,9.07,8.17,
Frankenstein,1989-11-11,129,5.22,5.84,,,5.00,5.23,5.91,10.82,9.63,8.52,7.70,5.44,5.76,5.86,7.04,,
Frankie Says,1998-04-02,925,10.35,6.33,11.65,5.48,5.76,4.63,,,,,,,,,,,
Free,1995-05-16,691,33.17,12.96,12.03,16.18,13.17,9.05,8.76,10.68,11.69,15.14,,,,,,,
Free Bird,1987-03-06,19,7.70,,,,,6.97,4.45,,,5.87,13.77,,4.63,,,,
Fuego,2013-10-31,1395,25.94,19.93,17.34,,,,,,,,,,,,,,
Funky Bitch,1986-12-06,16,10.66,7.33,8.39,4.67,6.93,4.75,6.49,8.57,14.73,9.84,10.72,6.63,7.41,8.05,6.71,8.64,7.61
Ghost,1997-06-06,860,30.84,29.89,31.75,22.92,17.26,17.37,22.45,17.23,,,,,,,,,
Ginseng Sullivan,1993-08-11,550,5.10,3.07,3.42,4.79,4.29,4.48,4.18,3.59,3.32,4.37,3.00,,,,,,
Glide,1991-09-27,307,4.70,6.59,6.33,5.11,4.34,4.37,4.37,6.38,4.41,4.03,5.17,5.41,4.72,4.76,,,
Golden Age,2009-11-27,1222,13.06,17.18,25.64,23.86,17.80,,,,,,,,,,,,
Golgi Apparatus,1986-10-12,13,7.14,6.70,7.52,6.66,6.81,7.46,6.26,5.62,7.47,8.99,10.57,5.52,5.54,6.40,5.66,6.22,5.42
Good Times Bad Times,1986-12-06,16,8.14,6.77,5.84,8.36,6.57,7.61,8.55,7.62,9.92,8.97,7.53,10.71,7.56,6.85,7.22,5.72,5.04
Gotta Jibboo,1999-09-10,1019,29.43,19.72,13.27,10.48,10.15,14.95,9.07,,,,,,,,,,
Guelah Papyrus,1991-02-01,234,6.79,7.68,8.57,6.53,6.18,6.25,6.21,6.33,6.89,5.87,7.03,6.05,6.30,5.94,,,
Gumbo,1990-09-28,207,6.93,,,7.43,5.70,5.98,19.40,16.90,14.38,18.17,5.95,6.65,7.78,9.13,6.48,,
Guyute,1994-10-07,641,12.15,11.61,11.76,14.43,14.66,15.62,11.34,11.08,11.23,10.92,,,,,,,
Ha Ha Ha,1995-05-16,691,2.42,3.56,2.20,2.06,0.54,2.22,2.16,2.96,1.64,,,,,,,,
Halfway to the Moon,2010-06-19,1241,7.52,7.77,10.11,8.36,,,,,,,,,,,,,
Halley's Comet,1986-10-12,13,13.87,,,,5.30,6.50,6.94,11.80,24.28,25.81,27.94,14.24,12.00,7.20,8.54,10.00,12.46
Harpua,1987-05-11,23,15.95,15.37,14.01,17.36,17.37,17.30,15.98,14.36,12.62,21.43,,14.38,15.33,22.89,9.67,17.29,
Harry Hood,1985-10-30,7,14.83,13.78,13.89,14.12,14.98,15.36,22.54,17.81,24.56,22.14,22.79,29.59,18.23,22.55,17.52,20.12,17.80
Heavy Things,1999-09-11,1020,9.39,8.01,7.73,7.56,7.60,6.92,,,,,,,,,,,
Hello My Baby,1995-09-27,715,3.12,2.66,3.58,2.78,1.47,,,,,1.78,,,,,,,
Highway to Hell,1989-10-01,116,4.70,4.64,4.54,6.02,5.90,3.88,3.80,4.12,,,4.62,,,,,,
Hold Your Head Up,1990-06-05,194,3.59,4.88,4.14,4.69,7.41,2.94,6.07,5.89,5.74,6.45,4.70,6.18,5.38,7.67,3.98,,
Hold Your Head Up > Love You > Hold Your Head Up,1990-06-07,195,10.00,8.91,10.91,11.82,7.95,,,,9.53,,,,,,,,
Horn,1990-05-24,190,4.52,4.83,4.11,4.20,4.48,4.44,5.15,4.32,5.23,4.19,5.09,4.49,4.04,4.71,3.93,,
"I''m Blue, I''m Lonesome",1994-11-16,667,4.10,,3.46,3.30,3.49,,,,,,,,,,,,
I Am Hydrogen,1986-10-15,14,2.99,5.33,6.15,3.47,4.37,4.33,3.26,3.51,4.57,5.93,8.71,3.92,3.30,2.94,2.87,3.37,
I Didn't Know,1987-11-18,33,7.83,4.97,4.76,5.27,9.89,5.65,7.38,4.43,4.18,5.34,5.64,5.60,5.47,4.33,9.27,4.46,
If I Could,1994-04-04,567,7.94,9.47,6.98,8.57,,7.33,7.99,8.09,8.82,,8.83,,,,,,
It's Ice,1991-09-25,305,10.35,10.61,11.51,10.34,10.80,10.45,9.80,14.54,10.88,8.36,8.49,9.20,15.15,9.46,,,
Jam,1986-10-31,15,19.47,,,6.43,3.30,2.16,22.34,36.38,17.71,22.84,31.23,44.40,32.48,,46.82,37.12,
Jesus Just Left Chicago,1987-08-10,26,15.29,12.20,9.38,8.51,9.15,10.29,11.11,9.30,14.11,11.86,11.53,10.49,8.65,9.43,8.22,8.32,
Joy,2009-06-07,1190,6.65,6.10,6.57,6.62,6.62,,,,,,,,,,,,
Julius,1994-04-04,567,8.87,10.42,11.55,17.06,12.02,10.55,11.49,11.83,9.75,10.06,8.15,,,,,,
Kill Devil Falls,2009-06-02,1186,15.69,11.55,22.88,12.38,11.08,,,,,,,,,,,,
Kung,1989-11-02,125,1.80,,,6.45,2.30,2.63,5.05,2.18,3.68,1.60,5.44,2.08,2.96,,1.65,,
La Grange,1987-08-09,25,6.45,7.10,5.16,,,5.60,,5.49,7.79,10.40,6.30,,,5.28,,,
Lawn Boy,1989-11-30,131,3.81,3.62,2.63,3.75,3.74,3.91,3.01,3.47,4.05,3.87,3.82,3.70,5.82,31.88,4.30,,
Letter to Jimmy Page,1985-10-30,7,3.20,1.47,1.09,,,,1.21,,,,,,1.00,1.01,1.08,1.38,1.26
Lifeboy,1993-02-03,458,8.31,9.26,9.56,8.80,8.82,9.18,8.91,9.65,7.81,,6.66,7.07,,,,,
Light,2009-05-31,1185,17.26,23.93,17.68,20.32,14.12,,,,,,,,,,,,
Limb By Limb,1997-06-06,860,16.47,16.58,15.80,11.94,13.41,13.23,9.19,13.34,,,,,,,,,
Llama,1990-10-30,216,8.47,7.42,7.77,6.06,10.45,8.10,12.11,8.10,9.11,7.05,10.35,5.31,5.67,7.11,,,
Love You,1987-10-31,32,5.71,6.96,6.09,6.75,8.44,6.10,5.57,,,,3.31,6.34,3.81,,4.00,,
Loving Cup,1993-02-03,458,6.65,6.56,6.05,7.79,12.26,10.20,13.43,9.37,7.39,7.47,9.33,11.57,,,,,
Magilla,1990-09-13,200,7.79,4.25,3.87,6.18,,,7.12,2.52,4.24,5.76,,,,,,,
Makisupa Policeman,1984-12-01,3,11.55,7.36,5.23,6.27,,6.52,8.50,8.00,8.64,10.97,8.73,7.35,8.78,8.17,5.25,10.06,1.75
Martian Monster,2014-10-31,1439,13.98,6.98,,,,,,,,,,,,,,,
Maze,1992-01-14,350,10.40,11.77,12.62,16.67,14.73,17.38,15.36,18.03,16.90,11.52,12.44,11.20,10.58,,,,
McGrupp and the Watchful Hosemasters,1985-10-17,6,11.40,10.07,9.52,9.42,9.66,11.55,10.73,10.74,13.87,11.75,13.14,9.24,9.52,9.85,10.03,9.25,
Meat,1998-07-02,931,10.82,8.55,7.54,5.64,5.79,6.44,9.36,,,,,,,,,,
Meatstick,1997-06-25,869,3.86,20.87,11.32,10.28,18.06,9.74,11.55,6.19,,,,,,,,,
Memories,1991-09-26,306,1.95,2.27,1.72,0.79,,,,,,,,,,,,,
Mike's Song,1985-05-03,5,17.67,8.39,8.70,9.10,12.14,12.43,20.65,22.77,18.63,21.10,16.59,15.20,9.64,9.18,15.84,22.40,8.73
Mound,1992-01-14,350,7.08,6.38,6.99,6.59,6.06,,,6.04,5.86,9.15,6.53,6.41,6.41,,,,
"My Friend, My Friend",1992-01-14,350,7.78,8.68,8.60,8.36,7.38,7.32,6.88,7.09,6.47,6.56,6.50,11.66,6.47,,,,
My Mind's Got a Mind of its Own,1992-01-14,350,2.62,2.88,4.38,2.90,2.66,3.97,2.69,3.84,3.29,2.72,3.13,,,,,,
My Soul,1997-02-13,844,8.90,8.42,13.94,6.94,9.76,5.87,7.90,6.51,,,,,,,,,
My Sweet One,1989-09-09,113,4.24,5.67,6.11,6.12,4.10,4.43,2.40,,3.50,5.78,2.40,3.39,3.58,3.02,3.69,2.24,
Narration,1988-06-21,55,6.05,,6.62,9.03,12.55,14.47,,,10.59,,,,,,,,
Nellie Kane,1993-02-23,475,4.81,8.30,3.99,,,4.32,3.06,3.06,3.69,3.60,3.35,3.07,,,,,
NICU,1992-01-14,350,8.92,,6.01,6.20,9.26,6.62,7.89,6.74,7.07,5.69,7.41,6.59,9.09,,,,
No Men In No Man's Land,2015-07-21,1446,24.18,25.38,,,,,,,,,,,,,,,
Ocelot,2009-05-31,1185,10.87,11.40,13.32,13.91,8.48,,,,,,,,,,,,
Party Time,2009-08-15,1210,8.07,8.91,7.59,10.03,8.57,,,,,,,,,,,,
Paul and Silas,1990-09-13,200,4.63,3.59,3.80,4.32,3.78,2.50,2.37,2.81,,,3.56,3.81,2.86,,,,
Peaches en Regalia,1986-10-15,14,5.26,,,,,3.86,3.70,,3.87,,5.51,,3.56,3.87,,3.48,
Piper,1997-06-06,860,19.83,25.03,23.84,32.67,15.56,13.40,18.25,15.76,,,,,,,,,
Poor Heart,1988-08-04,65,3.29,,3.95,4.28,3.07,4.06,9.44,3.05,11.83,5.65,3.09,2.77,3.16,3.11,3.33,2.57,
Possum,1985-10-30,7,11.32,16.30,10.83,14.01,14.11,13.80,16.01,17.44,14.25,15.51,14.56,12.06,10.54,11.47,10.15,13.10,9.99
Prince Caspian,1995-06-08,693,6.96,12.54,14.32,14.09,11.57,8.88,11.30,16.86,16.28,7.19,,,,,,,
Punch You In the Eye,1989-08-17,110,8.29,,,9.58,8.22,8.04,9.57,12.14,10.51,10.57,9.37,8.72,9.61,9.58,8.84,,
Quinn the Eskimo,1986-04-01,11,9.11,,,,,,,,,7.85,6.38,,9.23,6.91,5.49,5.73,
Reba,1989-10-01,116,14.21,13.60,14.13,15.87,19.16,19.52,17.32,17.60,20.69,20.07,18.98,16.32,14.07,15.42,14.34,12.52,
Rift,1990-02-25,157,6.75,8.75,8.56,6.51,7.33,6.85,6.56,6.10,6.27,6.55,6.83,7.25,7.25,7.60,6.59,,
Rock and Roll,1998-10-31,970,31.23,17.98,23.09,25.45,16.09,9.50,7.21,,,,,,,,,,
Rocky Top,1987-09-21,30,5.10,4.00,3.77,3.84,5.67,4.29,3.49,3.02,6.06,3.20,3.81,3.10,2.99,2.58,6.03,3.14,
Roggae,1998-06-30,929,10.36,9.56,9.98,11.29,9.39,10.32,10.19,,,,,,,,,,
Roses Are Free,1997-12-11,918,27.43,35.50,5.46,5.83,10.20,6.05,5.57,,,,,,,,,,
Run Like an Antelope,1985-05-03,5,15.00,15.08,12.64,15.53,15.24,21.56,19.95,16.81,20.66,18.02,17.16,15.59,13.07,14.12,14.94,14.16,9.98
Runaway Jim,1990-03-28,166,7.84,8.25,9.59,10.95,10.46,30.85,16.12,58.82,24.79,32.89,12.39,19.04,16.43,10.61,18.84,,
Sample in a Jar,1993-02-04,459,5.80,10.05,6.62,6.83,6.03,6.20,6.28,6.83,6.58,7.35,10.46,6.08,,,,,
Sand,1999-09-11,1020,23.34,22.24,13.90,21.42,17.63,11.90,15.79,,,,,,,,,,
Sanity,1986-10-15,14,9.09,,,7.15,,4.95,4.67,6.21,6.02,5.57,,3.73,8.74,5.93,6.92,5.59,
Saw It Again,1997-06-06,860,12.01,6.43,7.02,7.88,6.69,7.42,6.03,7.14,,,,,,,,,
Scent of a Mule,1994-04-04,567,11.40,13.83,15.32,11.75,12.94,12.20,8.90,11.10,11.75,11.03,8.60,,,,,,
Scents and Subtle Sounds,2003-07-07,1133,30.69,9.85,5.51,15.35,18.85,,,,,,,,,,,,
Seven Below,2002-12-31,1117,26.93,24.82,13.68,10.50,17.66,,,,,,,,,,,,
Show of Life,2010-06-11,1235,10.46,6.47,5.85,9.01,,,,,,,,,,,,,
Silent in the Morning,1992-01-14,350,7.75,5.42,5.56,5.87,5.49,5.74,5.75,6.21,5.68,5.42,6.27,5.50,6.01,,,,
Simple,1994-05-27,609,34.21,15.77,18.40,29.53,13.18,18.28,15.77,12.73,21.88,27.18,15.50,,,,,,
Slave to the Traffic Light,1984-12-01,3,10.78,8.19,6.42,7.45,,12.21,15.67,13.62,16.35,16.73,15.37,14.29,13.71,13.86,13.54,13.39,10.67
Sleeping Monkey,1992-01-14,350,7.01,7.28,6.18,6.40,6.51,9.05,5.99,7.32,6.31,9.39,5.93,6.91,6.09,,,,
Sneakin' Sally Through the Alley,1985-10-30,7,13.64,,,,,,,,,15.96,9.88,17.83,13.02,12.88,17.93,9.27,5.18
Sparkle,1991-09-25,305,4.75,6.48,4.14,4.02,3.98,4.17,6.06,4.18,4.43,4.49,5.13,4.33,4.14,5.03,,,
Split Open and Melt,1989-04-15,91,10.23,10.74,11.16,10.66,14.48,17.29,17.59,15.03,18.94,18.87,30.92,14.77,19.01,13.49,20.13,15.07,
Stash,1990-09-13,200,10.27,10.92,14.43,18.05,15.25,28.52,30.69,21.89,17.80,24.01,18.63,14.35,13.68,16.74,13.21,,
Stealing Time From the Faulty Plan,2009-06-02,1186,7.79,8.72,7.30,8.40,8.23,,,,,,,,,,,,
Steam,2011-06-04,1291,11.48,12.30,14.28,10.79,,,,,,,,,,,,,
Strange Design,1995-05-16,691,5.96,4.07,3.38,3.83,4.51,3.44,3.52,3.71,,3.24,,,,,,,
Sugar Shack,2009-06-07,1190,7.02,6.28,6.88,7.00,6.99,,,,,,,,,,,,
Suzy Greenberg,1987-02-13,17,9.30,11.42,8.30,6.65,6.46,7.31,9.36,9.61,18.09,10.33,9.31,11.85,10.64,7.79,7.40,8.10,6.94
Sweet Adeline,1990-03-28,166,2.85,3.94,3.12,3.81,3.24,3.86,4.67,3.59,2.15,,,1.77,,2.72,,,
Take the 'A' Train,1987-04-29,22,10.21,7.05,5.90,5.61,5.31,4.68,,,,,,,,,,,
Taste,1995-06-07,692,11.60,12.89,12.89,13.40,14.70,9.97,10.13,8.81,18.54,7.18,,,,,,,
Tela,1988-03-12,43,14.11,6.59,6.91,7.03,6.80,7.25,6.90,8.26,6.63,7.24,,8.00,6.97,7.76,7.35,7.09,
Terrapin,1987-09-21,30,5.97,5.77,4.97,7.00,10.20,6.27,,4.46,,4.68,,7.31,,,,4.19,
The Ballad of Curtis Loew,1987-04-29,22,6.30,5.47,,,4.86,5.04,,,,,12.08,5.40,6.03,5.23,5.40,,5.04
The Curtain,1988-02-24,40,8.86,6.67,7.19,6.94,6.79,7.15,6.94,7.80,7.23,7.64,6.64,,6.69,6.61,,6.72,
The Curtain With,1987-08-09,25,16.54,,,,,,,,,,16.41,18.05,15.08,14.43,14.64,15.28,
The Horse,1992-01-14,350,1.65,3.40,2.26,1.94,1.35,1.39,1.66,1.07,1.40,1.41,1.29,1.29,1.45,,,,
The Landlady,1990-09-13,200,7.26,6.66,4.92,6.47,5.55,,,,,,,,4.73,,6.46,,
The Line,2013-10-31,1395,7.84,8.06,,,,,,,,,,,,,,,
The Lizards,1988-01-27,35,11.63,12.96,12.07,10.44,12.57,12.01,11.81,11.97,13.35,13.82,11.65,11.26,11.12,11.10,10.98,10.74,
The Man Who Stepped Into Yesterday,1987-05-11,23,6.37,6.51,5.73,7.89,6.23,5.14,5.63,,5.93,5.79,4.17,4.45,,,5.54,4.99,
The Mango Song,1989-03-30,89,8.50,8.31,7.52,7.70,8.63,7.52,8.83,7.43,8.34,12.21,10.62,8.04,8.84,8.30,7.73,8.02,
The Moma Dance,1998-06-30,929,14.25,16.14,14.82,11.01,8.39,17.56,13.96,,,,,,,,,,
The Oh Kee Pa Ceremony,1989-08-17,110,2.54,2.46,2.59,1.74,1.75,1.73,2.65,1.99,2.22,1.73,1.87,1.83,1.92,1.88,1.94,,
The Old Home Place,1994-06-26,626,5.70,3.93,3.96,4.33,3.90,4.07,2.66,3.58,3.39,4.03,,,,,,,
The Sloth,1987-08-09,25,7.40,4.80,4.16,4.60,3.87,3.78,3.89,4.03,4.07,4.91,4.26,4.64,4.93,4.95,5.08,4.84,
The Squirming Coil,1990-01-20,142,8.02,8.48,10.44,11.78,13.64,12.83,12.34,14.32,12.84,10.44,11.71,10.22,10.06,11.07,9.71,,
The Wedge,1993-02-03,458,7.08,,4.66,5.10,7.10,9.56,7.87,7.50,8.39,14.87,8.61,8.51,,,,,
Theme From the Bottom,1995-05-16,691,12.56,11.45,12.48,14.72,16.57,9.89,9.65,15.27,11.22,10.07,,,,,,,
Timber (Jerry The Mule),1987-04-29,22,13.40,6.78,,,6.30,,5.66,8.63,17.35,9.97,9.83,9.55,7.42,6.88,7.14,8.45,
Train Song,1996-07-21,788,3.30,3.63,3.43,3.36,3.31,4.64,3.67,3.14,3.84,,,,,,,,
Tube,1990-09-13,200,4.19,4.29,3.65,3.73,3.19,3.78,4.88,10.93,10.46,13.20,7.39,6.64,9.27,14.45,12.56,,
Tweezer,1990-03-28,166,12.73,13.22,14.95,19.73,30.51,50.28,22.50,23.29,21.73,31.44,17.12,20.16,36.28,22.45,38.00,,
Tweezer Reprise,1991-02-01,234,5.94,5.52,5.28,5.88,5.50,7.26,11.80,9.05,6.78,16.47,7.26,5.90,6.54,7.28,,,
Twenty Years Later,2009-06-05,1188,9.57,7.24,14.16,14.33,21.19,,,,,,,,,,,,
Twist,1997-06-06,860,18.57,15.90,23.08,24.03,13.98,21.06,22.65,14.43,,,,,,,,,
Uncle Pen,1990-03-28,166,5.78,5.49,4.54,4.52,4.26,4.76,4.68,4.25,5.19,9.26,4.55,4.83,,5.31,,,
Undermind,2009-03-08,1184,9.22,15.88,11.31,10.37,9.53,,,,,,,,,,,,
Vultures,1997-06-06,860,11.13,12.09,11.93,8.22,8.45,7.42,8.36,8.27,,,,,,,,,
Wading in the Velvet Sea,1997-06-06,860,9.19,10.32,10.23,8.10,7.72,8.44,9.00,6.67,,,,,,,,,
Waiting All Night,2013-10-31,1395,6.27,6.26,4.89,,,,,,,,,,,,,,
Walk Away,1988-07-23,59,6.14,5.00,4.39,,4.64,11.47,,,,6.42,4.29,6.85,9.74,6.82,7.36,7.89,
Walls of the Cave,2002-12-31,1117,23.22,13.27,12.43,13.03,12.99,11.13,,,,,,,,,,,
Waste,1996-06-06,774,8.17,7.66,11.93,8.43,6.15,5.68,6.19,6.25,6.12,,,,,,,,
Water in the Sky,1997-06-06,860,4.49,5.95,7.78,5.77,3.44,4.17,4.80,4.48,,,,,,,,,
Waves,2002-12-31,1117,16.16,28.60,13.72,11.50,14.33,19.34,,,,,,,,,,,
Weekapaug Groove,1988-07-23,59,9.08,9.25,10.47,10.91,15.26,13.70,17.24,18.26,18.52,18.44,15.21,14.41,10.32,17.51,12.54,14.74,
Weigh,1992-01-14,350,6.07,6.04,6.07,5.45,5.24,5.55,5.27,,5.69,5.86,5.12,6.96,6.00,,,,
What's the Use?,1999-07-04,998,10.15,7.11,6.14,5.11,6.55,6.77,6.87,,,,,,,,,,
When the Circus Comes,1997-02-13,844,5.53,7.17,5.77,6.05,5.41,7.16,5.94,5.71,,,,,,,,,
While My Guitar Gently Weeps,1994-10-31,660,7.27,7.09,,10.43,8.64,7.80,7.14,7.20,,7.13,,,,,,,
Whipping Post,1985-11-23,9,27.45,10.97,,6.03,,,,4.73,,,9.06,,,,,,
Wilson,1986-10-12,13,7.47,4.90,5.25,7.98,9.04,7.42,6.89,6.46,6.88,9.58,9.54,7.33,7.93,6.22,5.13,9.19,4.34
Wingsuit,2013-10-31,1395,10.77,11.05,11.21,,,,,,,,,,,,,,
Wolfman's Brother,1994-04-04,567,8.88,7.18,13.95,31.51,30.36,15.38,14.71,15.14,12.20,14.87,15.88,,,,,,
Ya Mar,1987-02-21,18,9.01,8.55,7.11,7.32,7.22,10.11,9.67,10.13,14.11,18.72,16.08,17.54,8.44,8.03,9.19,9.82,
Yarmouth Road,2013-07-05,1362,7.00,7.27,7.38,,,,,,,,,,,,,,
You Enjoy Myself,1986-02-03,10,20.45,20.95,20.62,21.90,27.18,26.62,25.49,40.53,32.00,29.61,26.54,28.67,21.70,24.84,26.37,23.97,19.55
