title,debut_date,order_id,first_100,first_200,first_300,first_400,first_500,first_600,first_700,first_800,first_900,first_1000,first_1100,first_1200,first_1300,first_1400,first_1500,first_1600,first_1700
46 Days,2002-12-14,1115,12.09,8.01,7.14,8.06,9.04,8.09,,,,,,,,,,,
555,2013-10-31,1395,6.58,6.00,5.83,,,,,,,,,,,,,,
A Day in the Life,1995-06-10,695,5.12,5.36,5.16,,6.44,5.50,5.16,5.78,5.59,4.73,,,,,,,
A Song I Heard the Ocean Sing,2004-06-17,1166,10.33,8.52,7.07,9.37,8.57,,,,,,,,,,,,
AC/DC Bag,1986-04-01,11,6.04,6.32,5.95,6.02,6.50,7.57,7.67,9.16,10.30,11.39,11.34,9.72,7.06,6.49,6.15,6.36,5.48
Acoustic Army,1995-06-07,692,4.20,,,,,,,,,,,,,,,,
Alaska,2009-06-09,1191,9.25,9.38,8.73,8.74,8.96,,,,,,,,,,,,
All Things Reconsidered,1991-09-25,305,3.26,2.91,2.74,3.20,3.12,3.31,,,,,,,,,,,
Also Sprach Zarathustra,1993-07-16,531,3.91,4.12,5.50,12.07,13.33,13.54,7.38,7.02,6.05,7.66,8.47,,,,,,
Alumni Blues,1985-10-30,7,6.16,4.22,4.17,,,3.45,2.61,,,,6.86,,6.11,5.39,5.25,6.17,4.33
Alumni Blues > Letter to Jimmy Page > Alumni Blues,1985-10-17,6,6.53,5.67,4.87,,,,,,,,,,,7.64,,,
Amazing Grace,1993-02-03,458,2.37,2.35,2.24,2.69,,5.70,,,,,,,,,,,
Avenu Malkenu,1987-05-11,23,3.46,3.19,3.18,3.19,3.13,3.10,3.18,,3.15,3.28,3.16,3.24,,,3.35,3.38,
Axilla,1992-11-19,434,4.07,3.94,3.75,4.39,4.76,4.39,4.12,3.53,3.58,3.71,3.78,3.54,,,,,
Axilla (Part II),1994-04-16,577,3.77,4.59,,,,,,,,,,,,,,,
Back on the Train,1999-06-30,995,6.14,7.99,8.75,7.87,7.29,8.43,7.84,,,,,,,,,,
Backwards Down the Number Line,2009-03-06,1182,9.14,7.69,8.28,8.37,7.52,,,,,,,,,,,,
Banter,1990-01-20,142,2.26,15.22,3.12,1.29,0.99,0.46,1.61,1.61,2.74,3.19,6.83,,3.13,2.02,2.04,,
Bathtub Gin,1989-05-26,102,6.28,6.89,7.70,7.53,10.65,10.36,12.86,14.99,18.02,16.86,16.74,12.11,11.83,13.48,12.67,16.29,
Beauty of My Dreams,1997-02-16,846,3.10,3.63,3.13,,3.61,,3.55,3.40,,,,,,,,,
Big Ball Jam,1992-11-21,436,2.92,2.45,2.42,,,,,,,,,,,,,,
Big Black Furry Creature from Mars,1987-08-21,27,3.50,4.32,5.14,4.77,6.65,4.89,5.34,5.08,6.82,4.94,6.17,6.24,3.99,4.82,4.67,3.89,
Billy Breathes,1995-09-27,715,5.55,6.42,7.39,7.37,5.46,5.84,8.10,5.30,6.28,,,,,,,,
Birds of a Feather,1998-04-02,925,9.22,10.07,11.23,6.94,7.21,7.58,8.61,,,,,,,,,,
Blaze On,2015-07-21,1446,10.25,11.47,,,,,,,,,,,,,,,
Bold As Love,1988-07-11,57,6.00,5.94,,5.80,5.73,5.10,5.71,5.58,6.68,7.55,7.08,6.25,5.84,6.78,6.16,6.65,
Boogie On Reggae Woman,1987-02-21,18,5.01,,,,,,,,7.93,7.23,8.24,7.73,6.92,6.45,6.35,6.13,5.39
Bouncing Around the Room,1990-01-20,142,4.00,3.78,3.84,3.69,3.70,3.80,3.65,3.80,3.91,3.96,3.89,3.80,3.84,3.91,3.75,,
Brian and Robert,1998-06-30,929,4.31,4.40,4.04,3.58,4.05,4.14,3.69,,,,,,,,,,
Brother,1991-09-25,305,5.63,5.23,5.04,,6.39,6.51,10.77,,6.33,5.56,6.36,,7.86,,,,
Bug,1999-06-30,995,9.17,9.11,8.09,8.06,7.15,7.07,7.31,,,,,,,,,,
Buried Alive,1990-09-13,200,2.75,2.61,2.53,2.43,2.68,3.03,2.64,5.58,3.91,2.32,3.41,3.96,3.50,4.24,3.36,,
Camel Walk,1984-11-03,2,5.52,,,,,,,5.33,5.30,5.25,5.30,5.47,5.37,5.42,5.78,6.72,5.94
Caravan,1990-01-20,142,7.39,7.57,,6.73,7.75,7.85,5.87,,,,,,,,,,
Carini,1997-02-17,847,7.21,7.75,8.73,6.85,7.72,11.59,10.40,12.06,,,,,,,,,
Carolina,1990-01-20,142,1.77,1.78,1.63,1.90,1.79,1.80,1.45,1.44,2.68,4.25,,,,1.65,1.87,,
Cars Trucks Buses,1995-09-27,715,3.79,4.70,5.58,5.78,5.20,6.31,6.77,5.50,6.19,6.97,,,,,,,
Cavern,1990-03-28,166,4.79,4.65,5.02,4.68,4.90,4.83,4.88,5.41,5.32,5.50,4.70,4.51,4.87,5.46,4.53,,
Chalk Dust Torture,1991-02-01,234,6.03,6.01,6.49,6.72,7.60,7.07,8.76,8.88,9.12,9.96,7.99,10.69,11.29,11.14,,,
Character Zero,1996-06-06,774,6.66,8.67,8.50,9.10,7.76,7.34,6.95,7.45,7.09,,,,,,,,
Cities,1984-12-01,3,5.13,,,,,,4.83,,9.89,9.13,7.68,8.39,6.99,6.54,9.06,7.10,5.67
Cold as Ice,1992-01-14,350,2.09,,,,,,,,,,,,,,,,
Colonel Forbin's Ascent,1988-03-12,43,6.60,6.53,7.85,9.31,10.27,8.10,10.37,9.25,7.38,6.14,14.37,6.10,7.36,5.54,8.50,,
Contact,1988-06-15,52,6.98,6.50,6.39,6.90,6.42,6.19,6.18,5.87,7.01,6.71,7.26,7.10,6.76,7.04,6.96,6.66,
Crosseyed and Painless,1996-10-31,816,14.33,,15.80,17.45,11.12,13.40,13.24,14.99,11.27,,,,,,,,
David Bowie,1986-10-31,15,12.89,12.91,11.84,13.54,13.23,13.01,18.10,15.81,17.51,17.16,16.45,14.01,11.88,11.89,11.50,11.82,11.98
Destiny Unbound,1990-09-14,201,6.22,5.32,,,,,,,,6.84,6.40,6.07,6.81,7.77,8.88,,
Dinner and a Movie,1987-11-19,34,4.33,3.67,3.68,3.46,3.55,3.62,3.42,3.75,3.62,,3.62,3.92,4.14,3.99,,3.88,
Dirt,1997-06-06,860,4.06,4.80,4.84,4.59,4.61,4.80,4.75,4.58,,,,,,,,,
Divided Sky,1987-05-11,23,9.59,12.62,12.39,13.21,13.86,13.72,15.30,15.48,15.04,15.29,16.90,15.85,15.41,16.38,15.85,15.76,15.00
Dog Faced Boy,1994-04-14,575,2.48,2.81,2.25,3.65,2.66,2.68,2.83,2.36,2.80,2.51,2.60,,,,,,
Dogs Stole Things,1997-06-06,860,4.58,4.79,4.78,,5.07,,4.76,4.53,,,,,,,,,
Down with Disease,1994-04-04,567,7.87,12.76,12.49,15.78,15.16,17.62,13.75,12.52,15.29,17.36,15.50,,,,,,
Driver,1998-10-17,964,4.23,3.73,4.09,4.69,3.28,4.33,3.84,,,,,,,,,,
Drowned,1995-10-31,739,8.68,13.46,14.43,16.28,15.34,11.86,13.64,13.80,13.15,,,,,,,,
Esther,1988-09-12,70,8.91,9.03,9.23,9.25,9.27,9.28,9.01,9.15,9.40,,9.21,9.76,11.68,9.73,9.90,,
Farmhouse,1997-11-16,902,5.82,6.38,5.94,6.47,7.38,5.79,6.08,5.43,,,,,,,,,
Fast Enough for You,1992-11-19,434,5.40,6.29,6.67,7.19,7.93,7.96,8.55,7.38,7.16,6.89,6.36,6.00,,,,,
Fee,1987-08-10,26,5.34,5.40,5.40,5.30,5.32,5.68,5.45,5.57,6.24,8.82,8.18,8.86,6.30,8.06,5.18,6.15,5.01
Fire,1984-12-01,3,5.35,5.14,4.64,4.45,4.79,5.33,4.82,4.71,5.69,6.51,4.87,6.05,4.80,6.42,4.79,4.17,4.74
First Tube,1999-09-09,1018,8.47,8.64,8.50,8.28,8.48,7.75,5.91,,,,,,,,,,
Fluffhead,1984-12-01,3,12.93,14.55,14.23,14.22,14.09,14.29,14.19,14.75,15.23,16.39,17.13,15.60,14.80,14.69,14.90,16.86,15.42
Fly Famous Mockingbird,1988-02-07,37,6.90,6.01,6.23,6.50,6.87,6.97,6.16,6.61,,7.27,7.07,8.35,7.19,8.36,6.77,,
Foam,1988-10-29,73,7.80,8.23,8.28,8.31,8.97,9.58,10.06,10.09,10.94,10.74,10.50,8.61,9.00,8.15,9.03,8.17,
Frankenstein,1989-11-11,129,4.83,4.98,,,4.87,4.86,5.11,5.30,6.02,5.62,5.52,5.03,5.76,5.38,5.97,,
Frankie Says,1998-04-02,925,6.48,5.43,6.90,5.48,5.76,4.52,,,,,,,,,,,
Free,1995-05-16,691,9.86,9.17,10.70,11.50,9.87,7.69,7.22,7.67,8.68,9.43,,,,,,,
Free Bird,1987-03-06,19,7.70,,,,,4.73,4.45,,,4.62,13.77,,4.63,,,,
Fuego,2013-10-31,1395,11.61,11.96,12.31,,,,,,,,,,,,,,
Funky Bitch,1986-12-06,16,5.89,5.61,5.85,4.67,5.35,4.60,5.77,5.89,7.98,7.40,7.97,5.92,6.34,6.84,6.20,6.71,7.25
Ghost,1997-06-06,860,15.82,16.41,19.08,14.12,11.05,12.07,12.67,11.83,,,,,,,,,
Ginseng Sullivan,1993-08-11,550,3.87,3.05,3.27,3.82,4.01,3.52,3.40,3.16,3.18,3.91,3.00,,,,,,
Glide,1991-09-27,307,4.17,4.69,4.82,4.71,4.23,4.18,4.37,5.35,4.25,4.03,4.80,5.29,4.72,4.76,,,
Golden Age,2009-11-27,1222,9.04,11.30,12.89,14.84,14.44,,,,,,,,,,,,
Golgi Apparatus,1986-10-12,13,5.12,4.86,4.91,4.83,4.78,4.92,4.79,4.89,5.37,5.55,5.12,4.77,4.78,5.06,5.02,5.44,5.42
Good Times Bad Times,1986-12-06,16,5.80,5.69,4.98,5.95,5.13,5.48,6.15,6.09,7.87,7.17,6.94,7.21,6.52,6.00,5.96,5.44,5.02
Gotta Jibboo,1999-09-10,1019,12.30,12.41,10.46,9.45,8.65,10.96,8.83,,,,,,,,,,
Guelah Papyrus,1991-02-01,234,5.64,5.59,5.86,5.93,5.81,5.65,5.09,6.18,6.46,5.81,6.22,5.75,6.30,5.67,,,
Gumbo,1990-09-28,207,5.96,,,6.78,5.03,5.47,9.34,11.73,10.69,8.09,5.08,5.00,6.69,6.78,5.51,,
Guyute,1994-10-07,641,10.65,10.64,10.54,10.90,11.06,11.33,10.64,10.82,10.69,10.73,,,,,,,
Ha Ha Ha,1995-05-16,691,1.80,2.47,1.95,1.92,0.54,1.94,1.79,2.85,1.64,,,,,,,,
Halfway to the Moon,2010-06-19,1241,6.88,6.96,7.84,7.31,,,,,,,,,,,,,
Halley's Comet,1986-10-12,13,6.58,,,,5.05,5.41,5.65,8.28,18.65,12.00,13.87,8.45,6.34,5.89,6.31,6.58,11.75
Harpua,1987-05-11,23,10.01,14.21,13.59,14.09,15.18,14.85,13.10,10.97,8.30,16.90,,13.54,13.60,22.89,9.67,17.29,
Harry Hood,1985-10-30,7,11.93,11.82,11.52,12.45,13.18,12.83,14.58,14.41,15.41,15.43,16.68,16.52,12.99,12.77,13.37,13.76,14.81
Heavy Things,1999-09-11,1020,5.99,6.64,6.23,6.01,6.16,5.57,,,,,,,,,,,
Hello My Baby,1995-09-27,715,1.82,1.75,1.90,1.86,0.97,,,,,1.78,,,,,,,
Highway to Hell,1989-10-01,116,3.97,3.96,4.42,4.55,3.93,3.60,3.79,4.05,,,4.17,,,,,,
Hold Your Head Up,1990-06-05,194,2.22,2.47,2.36,2.12,2.96,2.01,3.23,3.77,3.90,4.47,3.32,3.98,4.68,7.67,3.98,,
Hold Your Head Up > Love You > Hold Your Head Up,1990-06-07,195,6.61,7.79,9.95,10.16,7.05,,,,9.53,,,,,,,,
Horn,1990-05-24,190,3.87,3.82,3.72,3.70,3.83,3.82,4.15,4.04,4.22,3.92,4.20,4.01,3.77,3.99,3.92,,
"I''m Blue, I''m Lonesome",1994-11-16,667,3.05,,3.46,3.30,3.49,,,,,,,,,,,,
I Am Hydrogen,1986-10-15,14,2.45,2.47,2.72,2.99,3.08,2.83,2.96,3.27,3.69,4.39,4.31,3.06,2.92,2.78,2.83,3.07,
I Didn't Know,1987-11-18,33,4.30,3.93,3.59,3.55,3.95,3.55,3.87,3.62,3.84,4.71,4.83,4.06,4.67,4.08,5.56,4.16,
If I Could,1994-04-04,567,6.40,7.87,6.62,8.57,,7.33,7.92,7.53,8.82,,7.98,,,,,,
It's Ice,1991-09-25,305,8.91,7.84,8.64,9.04,8.80,8.75,8.58,9.52,9.04,7.68,7.83,8.64,10.37,9.46,,,
Jam,1986-10-31,15,6.97,,,4.31,1.97,2.05,8.29,10.10,6.49,11.64,11.09,22.24,17.95,,46.82,37.12,
Jesus Just Left Chicago,1987-08-10,26,9.87,9.18,7.76,7.95,8.89,9.66,10.80,8.63,11.51,11.62,9.96,10.49,8.32,8.62,8.22,8.32,
Joy,2009-06-07,1190,5.63,5.79,6.01,6.08,6.62,,,,,,,,,,,,
Julius,1994-04-04,567,7.31,8.06,8.61,10.85,9.77,9.66,8.53,8.59,7.97,8.07,7.49,,,,,,
Kill Devil Falls,2009-06-02,1186,9.16,8.79,9.37,8.84,9.39,,,,,,,,,,,,
Kung,1989-11-02,125,1.80,,,4.21,1.51,2.32,3.87,2.18,3.26,1.60,4.27,1.89,2.96,,1.65,,
La Grange,1987-08-09,25,4.44,5.24,4.70,,,5.14,,5.49,6.67,7.16,6.30,,,5.28,,,
Lawn Boy,1989-11-30,131,2.65,2.52,2.46,2.70,3.08,2.91,2.75,3.00,3.19,3.14,3.37,3.17,3.65,5.48,3.48,,
Letter to Jimmy Page,1985-10-30,7,1.10,1.16,1.09,,,,1.14,,,,,,0.92,0.69,1.08,1.18,1.26
Lifeboy,1993-02-03,458,7.91,8.33,8.60,8.33,8.62,9.18,8.91,8.65,7.81,,6.66,6.66,,,,,
Light,2009-05-31,1185,11.87,11.96,12.47,14.09,10.75,,,,,,,,,,,,
Limb By Limb,1997-06-06,860,10.34,10.89,10.74,8.64,8.49,8.44,7.88,8.85,,,,,,,,,
Llama,1990-10-30,216,4.74,4.70,5.00,4.63,4.66,4.85,6.08,5.93,5.34,5.45,6.44,4.27,5.00,5.43,,,
Love You,1987-10-31,32,4.52,4.40,4.78,5.46,7.22,6.10,5.29,,,,3.31,3.92,3.81,,4.00,,
Loving Cup,1993-02-03,458,6.26,6.38,5.74,6.44,7.62,7.94,8.83,7.22,6.44,6.55,7.04,7.64,,,,,
Magilla,1990-09-13,200,5.42,3.81,3.87,4.56,,,4.75,2.52,4.03,5.76,,,,,,,
Makisupa Policeman,1984-12-01,3,7.76,5.93,5.23,6.27,,5.33,5.86,6.63,6.90,7.22,7.10,5.34,6.46,5.75,4.43,5.42,1.75
Martian Monster,2014-10-31,1439,6.98,5.05,,,,,,,,,,,,,,,
Maze,1992-01-14,350,8.39,9.83,10.66,11.64,11.50,13.54,13.29,13.15,11.20,10.28,10.18,9.99,9.55,,,,
McGrupp and the Watchful Hosemasters,1985-10-17,6,8.62,7.91,8.89,8.63,9.17,9.62,9.67,9.39,10.62,10.39,12.15,9.08,8.84,9.23,9.26,8.83,
Meat,1998-07-02,931,6.01,6.35,6.56,5.22,5.10,5.93,6.92,,,,,,,,,,
Meatstick,1997-06-25,869,3.86,11.08,8.45,8.07,7.99,6.07,7.20,5.76,,,,,,,,,
Memories,1991-09-26,306,1.12,1.57,1.36,0.79,,,,,,,,,,,,,
Mike's Song,1985-05-03,5,7.13,6.04,6.18,7.11,8.08,9.81,8.52,14.99,13.31,13.80,10.66,9.26,8.17,7.71,8.45,9.82,7.57
Mound,1992-01-14,350,5.99,5.82,5.91,5.95,5.83,,,6.04,5.86,7.17,6.06,6.20,6.22,,,,
"My Friend, My Friend",1992-01-14,350,6.67,7.02,6.94,6.96,6.72,5.67,6.53,6.76,6.12,5.95,5.99,6.81,5.83,,,,
My Mind's Got a Mind of its Own,1992-01-14,350,2.38,2.41,3.02,2.59,2.53,2.82,2.58,2.95,3.06,2.72,3.13,,,,,,
My Soul,1997-02-13,844,6.27,6.99,7.59,6.94,6.46,5.49,6.80,6.32,,,,,,,,,
My Sweet One,1989-09-09,113,2.54,2.36,2.73,2.74,2.96,2.74,2.33,,2.80,4.30,2.31,2.98,2.79,2.45,2.74,2.24,
Narration,1988-06-21,55,4.60,,6.62,6.16,7.92,12.86,,,10.59,,,,,,,,
Nellie Kane,1993-02-23,475,3.17,4.09,3.99,,,3.84,3.06,2.96,3.14,3.16,3.08,2.97,,,,,
NICU,1992-01-14,350,6.53,,5.35,5.52,5.69,5.72,5.63,5.54,5.49,5.22,5.61,5.71,5.69,,,,
No Men In No Man's Land,2015-07-21,1446,10.91,11.60,,,,,,,,,,,,,,,
Ocelot,2009-05-31,1185,9.61,9.85,9.42,10.25,8.38,,,,,,,,,,,,
Party Time,2009-08-15,1210,6.60,7.46,6.37,8.41,8.36,,,,,,,,,,,,
Paul and Silas,1990-09-13,200,3.62,3.17,3.06,3.45,3.28,2.50,2.37,2.78,,,2.98,3.17,2.86,,,,
Peaches en Regalia,1986-10-15,14,3.40,,,,,3.30,3.39,,3.45,,4.11,,3.41,3.53,,3.43,
Piper,1997-06-06,860,8.51,12.04,15.56,11.71,9.22,9.04,11.15,9.99,,,,,,,,,
Poor Heart,1988-08-04,65,3.29,,3.15,2.79,2.48,2.43,2.87,2.48,4.17,3.24,2.72,2.36,2.61,2.49,2.52,2.42,
Possum,1985-10-30,7,7.44,8.48,9.10,10.02,10.89,11.14,12.38,13.15,11.16,10.84,10.78,9.56,9.23,9.16,8.83,10.05,9.74
Prince Caspian,1995-06-08,693,3.58,8.07,10.39,10.20,9.14,7.12,5.91,6.74,7.60,5.63,,,,,,,
Punch You In the Eye,1989-08-17,110,7.32,,,7.48,7.39,7.40,8.09,8.58,9.29,9.00,8.59,8.18,8.59,8.62,8.58,,
Quinn the Eskimo,1986-04-01,11,7.06,,,,,,,,,5.99,5.89,,5.55,5.67,5.14,5.27,
Reba,1989-10-01,116,12.00,11.40,11.68,12.83,13.79,14.50,14.37,14.41,16.20,16.32,13.70,12.84,13.28,13.30,13.06,12.52,
Rift,1990-02-25,157,5.21,8.05,7.31,5.95,5.99,5.71,5.90,6.10,6.13,6.15,6.38,6.30,6.37,6.52,6.26,,
Rock and Roll,1998-10-31,970,11.64,11.80,12.89,12.39,9.59,7.83,7.06,,,,,,,,,,
Rocky Top,1987-09-21,30,3.26,2.92,2.85,2.87,2.94,2.83,2.86,2.72,3.01,2.80,3.07,3.10,2.73,2.53,3.48,2.86,
Roggae,1998-06-30,929,7.98,7.98,9.67,9.51,8.68,9.55,9.13,,,,,,,,,,
Roses Are Free,1997-12-11,918,8.77,13.18,5.46,5.31,5.73,5.66,5.35,,,,,,,,,,
Run Like an Antelope,1985-05-03,5,10.21,10.17,10.34,11.39,11.51,12.18,13.03,12.15,13.00,14.23,13.85,12.66,10.75,10.90,10.72,11.15,9.40
Runaway Jim,1990-03-28,166,6.48,6.95,7.72,8.18,8.19,10.32,9.58,18.74,10.65,13.93,8.48,8.86,9.29,8.44,12.70,,
Sample in a Jar,1993-02-04,459,5.12,5.12,5.17,5.01,5.26,5.33,5.40,5.53,5.48,5.52,5.78,5.95,,,,,
Sand,1999-09-11,1020,15.58,15.81,11.73,10.32,10.29,10.26,13.12,,,,,,,,,,
Sanity,1986-10-15,14,5.97,,,5.75,,4.95,4.67,6.21,6.02,5.23,,3.73,6.13,5.84,5.79,5.15,
Saw It Again,1997-06-06,860,6.45,6.24,6.63,7.88,6.68,4.99,4.76,5.12,,,,,,,,,
Scent of a Mule,1994-04-04,567,7.87,10.87,11.68,9.40,11.08,9.78,8.24,8.38,10.42,10.44,7.76,,,,,,
Scents and Subtle Sounds,2003-07-07,1133,14.52,9.44,5.51,10.69,13.32,,,,,,,,,,,,
Seven Below,2002-12-31,1117,13.21,10.27,9.81,8.63,12.46,,,,,,,,,,,,
Show of Life,2010-06-11,1235,6.18,5.81,5.82,6.95,,,,,,,,,,,,,
Silent in the Morning,1992-01-14,350,5.21,5.07,5.06,5.27,5.23,5.48,5.52,5.42,5.08,5.04,5.19,5.16,4.94,,,,
Simple,1994-05-27,609,6.66,7.91,11.60,12.28,9.18,9.57,9.97,9.11,9.91,11.88,10.45,,,,,,
Slave to the Traffic Light,1984-12-01,3,7.01,7.06,6.42,7.45,,9.80,11.02,11.46,12.33,12.42,12.61,11.75,10.50,10.29,10.35,10.38,9.34
Sleeping Monkey,1992-01-14,350,5.88,6.15,5.58,5.70,5.53,6.59,5.59,6.45,5.64,5.88,5.57,5.43,5.43,,,,
Sneakin' Sally Through the Alley,1985-10-30,7,7.13,,,,,,,,,12.19,8.71,12.42,8.62,9.20,9.83,8.07,5.18
Sparkle,1991-09-25,305,4.02,4.02,3.78,3.82,3.76,3.72,4.18,4.02,4.02,4.03,4.25,4.02,3.83,4.17,,,
Split Open and Melt,1989-04-15,91,8.16,7.88,7.73,8.86,10.46,12.16,12.41,12.09,13.26,14.20,16.49,12.15,12.58,11.60,13.75,12.80,
Stash,1990-09-13,200,8.75,8.70,10.19,11.85,11.68,13.76,14.10,14.08,14.39,14.07,12.87,11.93,11.27,12.34,13.21,,
Stealing Time From the Faulty Plan,2009-06-02,1186,6.16,6.38,5.92,6.16,6.53,,,,,,,,,,,,
Steam,2011-06-04,1291,9.24,8.70,9.65,8.72,,,,,,,,,,,,,
Strange Design,1995-05-16,691,3.25,3.36,3.14,3.33,3.39,3.07,3.29,3.19,,3.08,,,,,,,
Sugar Shack,2009-06-07,1190,5.69,5.93,6.23,6.69,6.99,,,,,,,,,,,,
Suzy Greenberg,1987-02-13,17,5.75,5.53,5.43,5.48,5.67,5.90,6.43,6.59,8.58,7.69,7.37,6.93,6.69,6.57,6.28,6.65,6.94
Sweet Adeline,1990-03-28,166,2.28,2.31,2.08,2.40,2.24,2.29,2.43,2.56,2.15,,,1.77,,2.72,,,
Take the 'A' Train,1987-04-29,22,6.07,5.73,5.11,4.69,4.36,3.94,,,,,,,,,,,
Taste,1995-06-07,692,7.27,8.87,10.70,11.91,11.23,9.07,8.83,7.88,11.51,7.11,,,,,,,
Tela,1988-03-12,43,8.26,6.43,6.56,6.78,6.71,6.75,6.73,7.05,6.63,7.06,,8.00,6.78,7.02,7.16,6.98,
Terrapin,1987-09-21,30,4.85,4.88,4.66,5.97,9.16,6.27,,4.46,,4.68,,7.31,,,,4.19,
The Ballad of Curtis Loew,1987-04-29,22,5.27,5.30,,,4.85,5.04,,,,,12.08,5.40,5.28,5.10,5.27,,5.04
The Curtain,1988-02-24,40,6.34,6.44,6.49,6.49,6.20,6.45,6.40,6.47,6.78,6.84,6.51,,6.69,6.61,,6.72,
The Curtain With,1987-08-09,25,14.16,,,,,,,,,,15.16,12.93,13.71,13.35,13.53,14.07,
The Horse,1992-01-14,350,1.21,2.13,1.59,1.54,1.05,1.35,1.06,0.91,1.17,1.20,1.02,0.95,1.16,,,,
The Landlady,1990-09-13,200,4.19,3.88,3.74,4.30,4.47,,,,,,,,4.65,,4.86,,
The Line,2013-10-31,1395,6.41,6.68,,,,,,,,,,,,,,,
The Lizards,1988-01-27,35,9.98,10.18,9.92,9.94,10.39,10.32,10.30,10.68,11.47,11.75,11.38,10.78,10.53,10.39,10.49,10.38,
The Man Who Stepped Into Yesterday,1987-05-11,23,4.26,4.10,4.69,5.54,5.48,4.11,5.14,,4.72,4.98,3.95,4.20,,,5.54,4.42,
The Mango Song,1989-03-30,89,7.06,7.32,7.17,7.38,7.33,7.21,7.49,7.32,7.73,10.28,9.34,7.67,8.15,7.82,7.47,8.02,
The Moma Dance,1998-06-30,929,10.19,10.33,9.31,7.56,7.43,8.55,8.81,,,,,,,,,,
The Oh Kee Pa Ceremony,1989-08-17,110,1.73,1.73,1.77,1.71,1.69,1.72,2.21,1.93,2.05,1.73,1.80,1.80,1.77,1.88,1.88,,
The Old Home Place,1994-06-26,626,3.73,3.25,3.44,4.16,3.52,3.73,2.66,3.58,3.26,3.43,,,,,,,
The Sloth,1987-08-09,25,3.82,3.69,3.77,3.79,3.73,3.66,3.80,3.81,3.87,4.22,4.05,4.32,4.36,4.55,4.50,4.37,
The Squirming Coil,1990-01-20,142,6.05,6.58,7.53,9.34,10.07,11.20,10.86,10.78,10.09,8.83,8.81,9.18,9.41,10.39,9.30,,
The Wedge,1993-02-03,458,6.60,,4.38,5.10,6.37,7.25,6.01,6.33,6.98,7.78,7.37,7.12,,,,,
Theme From the Bottom,1995-05-16,691,10.60,9.39,10.81,11.20,10.64,8.37,8.16,8.74,9.29,9.24,,,,,,,
Timber (Jerry The Mule),1987-04-29,22,8.18,6.70,,,6.30,,5.20,6.77,9.33,9.73,8.64,7.56,6.14,6.00,6.34,6.58,
Train Song,1996-07-21,788,2.86,3.10,3.15,3.36,2.90,4.64,3.15,3.01,3.15,,,,,,,,
Tube,1990-09-13,200,3.65,3.47,3.65,3.73,3.19,3.54,4.40,7.19,7.12,7.99,4.48,4.62,5.05,8.37,9.13,,
Tweezer,1990-03-28,166,10.80,10.62,12.12,12.30,14.69,20.83,14.74,16.96,16.54,17.15,12.43,12.52,14.43,14.63,17.67,,
Tweezer Reprise,1991-02-01,234,3.51,3.71,3.27,3.84,3.63,4.07,4.52,4.52,4.43,4.38,4.10,3.98,4.22,3.63,,,
Twenty Years Later,2009-06-05,1188,7.69,6.93,8.22,9.42,11.27,,,,,,,,,,,,
Twist,1997-06-06,860,12.30,11.75,12.00,11.92,8.42,9.93,11.20,9.42,,,,,,,,,
Uncle Pen,1990-03-28,166,4.52,4.38,4.09,4.03,4.02,4.24,4.26,4.14,4.93,5.93,4.44,4.66,,5.06,,,
Undermind,2009-03-08,1184,7.95,9.96,7.67,8.56,7.76,,,,,,,,,,,,
Vultures,1997-06-06,860,7.18,8.31,8.64,7.27,7.00,7.09,7.63,7.82,,,,,,,,,
Wading in the Velvet Sea,1997-06-06,860,7.35,6.96,7.87,6.04,6.54,6.38,7.07,5.84,,,,,,,,,
Waiting All Night,2013-10-31,1395,5.34,5.72,4.89,,,,,,,,,,,,,,
Walk Away,1988-07-23,59,3.96,4.11,4.39,,4.11,7.67,,,,4.64,3.94,5.26,7.41,6.49,6.49,7.60,
Walls of the Cave,2002-12-31,1117,17.68,11.83,11.76,11.30,11.86,11.01,,,,,,,,,,,
Waste,1996-06-06,774,5.76,6.50,7.82,6.96,5.67,5.46,5.61,5.71,5.85,,,,,,,,
Water in the Sky,1997-06-06,860,3.34,4.74,5.51,3.96,3.24,3.52,3.39,3.56,,,,,,,,,
Waves,2002-12-31,1117,10.33,14.53,10.13,8.50,8.41,19.34,,,,,,,,,,,
Weekapaug Groove,1988-07-23,59,6.38,6.32,6.60,7.39,9.21,8.17,10.80,10.45,12.66,11.11,9.97,8.72,7.69,8.42,8.24,9.11,
Weigh,1992-01-14,350,5.34,5.09,5.58,5.27,5.14,5.38,5.27,,5.44,5.37,5.12,6.16,5.85,,,,
What's the Use?,1999-07-04,998,8.27,6.41,5.86,4.94,5.79,5.96,6.01,,,,,,,,,,
When the Circus Comes,1997-02-13,844,5.12,5.95,5.05,5.13,4.77,5.62,5.38,5.25,,,,,,,,,
While My Guitar Gently Weeps,1994-10-31,660,6.33,6.89,,7.22,7.95,7.23,6.93,7.17,,7.13,,,,,,,
Whipping Post,1985-11-23,9,13.68,7.24,,5.73,,,,4.73,,,9.06,,,,,,
Wilson,1986-10-12,13,5.29,4.32,4.85,5.73,6.69,5.73,5.11,5.05,5.02,6.93,6.96,5.24,4.94,4.51,4.55,4.97,4.22
Wingsuit,2013-10-31,1395,9.03,9.49,9.85,,,,,,,,,,,,,,
Wolfman's Brother,1994-04-04,567,6.56,5.61,7.11,15.27,14.32,11.70,10.18,10.11,10.20,11.38,11.63,,,,,,
Ya Mar,1987-02-21,18,6.40,6.97,6.72,6.58,6.70,7.79,8.08,8.69,10.13,12.52,11.01,8.97,7.46,6.91,7.44,7.56,
Yarmouth Road,2013-07-05,1362,6.24,6.44,6.99,,,,,,,,,,,,,,
You Enjoy Myself,1986-02-03,10,14.78,15.84,16.69,18.23,20.01,20.77,22.87,22.73,23.82,22.68,22.09,20.72,19.45,20.36,20.30,20.29,18.61
