title,debut_date,order_id,first_100,first_200,first_300,first_400,first_500,first_600,first_700,first_800,first_900,first_1000,first_1100,first_1200,first_1300,first_1400,first_1500,first_1600,first_1700
46 Days,2002-12-14,1115,3.86,6.67,5.22,5.44,5.80,7.53,,,,,,,,,,,
555,2013-10-31,1395,5.78,5.42,5.69,,,,,,,,,,,,,,
A Day in the Life,1995-06-10,695,4.32,4.49,5.08,,5.64,4.52,4.90,5.30,4.94,4.73,,,,,,,
A Song I Heard the Ocean Sing,2004-06-17,1166,6.12,6.62,5.02,5.08,6.56,,,,,,,,,,,,
AC/DC Bag,1986-04-01,11,1.29,0.82,2.11,5.42,5.84,6.22,5.90,7.13,6.68,3.68,7.77,5.32,6.14,5.68,5.40,5.12,5.39
Acoustic Army,1995-06-07,692,3.49,,,,,,,,,,,,,,,,
Alaska,2009-06-09,1191,7.71,8.19,7.98,7.89,8.72,,,,,,,,,,,,
All Things Reconsidered,1991-09-25,305,2.83,2.44,2.39,2.91,3.12,2.84,,,,,,,,,,,
Also Sprach Zarathustra,1993-07-16,531,2.13,1.98,3.58,6.98,6.99,7.56,2.48,4.25,4.59,6.02,5.65,,,,,,
Alumni Blues,1985-10-30,7,0.68,3.35,4.17,,,3.45,2.61,,,,6.86,,4.75,4.46,5.25,5.68,4.33
Alumni Blues > Letter to Jimmy Page > Alumni Blues,1985-10-17,6,3.97,4.74,1.60,,,,,,,,,,,7.64,,,
Amazing Grace,1993-02-03,458,1.10,1.65,1.53,1.80,,5.70,,,,,,,,,,,
Avenu Malkenu,1987-05-11,23,2.89,3.03,2.95,3.10,3.11,3.05,3.13,,3.06,3.19,3.08,3.22,,,3.35,3.38,
Axilla,1992-11-19,434,3.54,3.81,3.75,3.66,3.27,3.36,3.28,3.34,3.19,3.25,3.35,3.29,,,,,
Axilla (Part II),1994-04-16,577,3.02,4.00,,,,,,,,,,,,,,,
Back on the Train,1999-06-30,995,3.41,5.42,5.59,4.43,2.26,6.39,6.32,,,,,,,,,,
Backwards Down the Number Line,2009-03-06,1182,6.25,6.03,5.90,7.17,6.90,,,,,,,,,,,,
Banter,1990-01-20,142,0.91,15.22,0.46,0.55,0.59,0.46,0.67,0.51,1.02,1.02,4.39,,3.13,2.02,0.94,,
Bathtub Gin,1989-05-26,102,3.51,5.90,6.83,6.30,7.53,7.51,6.35,9.57,11.93,10.13,10.97,10.17,8.35,10.26,10.14,15.49,
Beauty of My Dreams,1997-02-16,846,2.50,3.05,2.80,,3.61,,3.55,3.40,,,,,,,,,
Big Ball Jam,1992-11-21,436,0.47,1.27,1.82,,,,,,,,,,,,,,
Big Black Furry Creature from Mars,1987-08-21,27,2.76,3.09,1.84,2.18,4.68,1.89,3.46,4.26,6.82,4.72,5.64,3.55,3.03,4.16,3.55,2.98,
Billy Breathes,1995-09-27,715,5.06,5.01,6.29,6.56,5.10,5.84,8.10,5.13,5.52,,,,,,,,
Birds of a Feather,1998-04-02,925,4.90,7.64,7.50,5.22,4.99,5.59,5.47,,,,,,,,,,
Blaze On,2015-07-21,1446,6.47,8.20,,,,,,,,,,,,,,,
Bold As Love,1988-07-11,57,4.90,5.39,,5.06,5.43,4.59,5.50,5.11,6.18,6.64,6.43,5.78,5.72,5.60,5.82,6.65,
Boogie On Reggae Woman,1987-02-21,18,4.43,,,,,,,,7.93,5.44,4.73,4.80,5.25,4.94,4.52,4.88,5.39
Bouncing Around the Room,1990-01-20,142,2.62,3.00,3.35,3.52,3.53,3.57,3.24,3.58,3.69,3.67,3.47,3.60,3.61,3.64,3.54,,
Brian and Robert,1998-06-30,929,3.55,3.66,3.52,3.49,3.94,3.90,3.30,,,,,,,,,,
Brother,1991-09-25,305,4.55,5.23,5.04,,6.39,4.95,6.80,,4.55,4.03,6.36,,7.86,,,,
Bug,1999-06-30,995,6.97,6.84,7.25,7.16,6.27,6.06,6.89,,,,,,,,,,
Buried Alive,1990-09-13,200,2.07,1.96,1.57,1.83,2.38,2.67,2.21,3.25,3.91,1.06,3.38,3.32,3.20,3.63,2.34,,
Camel Walk,1984-11-03,2,1.30,,,,,,,5.33,4.81,5.23,5.13,5.01,4.88,4.99,5.26,5.35,5.94
Caravan,1990-01-20,142,6.26,6.44,,5.20,5.71,7.85,5.87,,,,,,,,,,
Carini,1997-02-17,847,3.90,4.01,6.41,5.08,4.44,6.56,6.36,6.78,,,,,,,,,
Carolina,1990-01-20,142,1.01,1.27,1.19,0.13,1.52,1.26,1.42,1.44,2.07,4.25,,,,1.65,1.87,,
Cars Trucks Buses,1995-09-27,715,2.30,3.52,5.04,4.74,4.26,6.19,6.21,5.50,6.19,6.97,,,,,,,
Cavern,1990-03-28,166,3.63,4.18,4.14,4.11,3.90,4.23,3.95,4.16,4.01,4.37,3.91,4.15,4.20,4.42,4.24,,
Chalk Dust Torture,1991-02-01,234,4.07,3.49,5.42,4.65,5.66,4.97,6.63,6.34,4.18,5.10,5.92,5.89,5.47,5.33,,,
Character Zero,1996-06-06,774,4.15,7.31,6.92,6.73,5.93,5.60,5.74,5.87,6.31,,,,,,,,
Cities,1984-12-01,3,3.55,,,,,,4.83,,5.12,7.11,5.71,4.65,4.97,5.19,4.24,4.74,5.67
Cold as Ice,1992-01-14,350,0.86,,,,,,,,,,,,,,,,
Colonel Forbin's Ascent,1988-03-12,43,5.00,5.51,5.82,5.59,5.29,5.43,5.73,7.63,7.38,6.14,14.37,6.10,5.58,5.54,5.91,,
Contact,1988-06-15,52,3.65,4.58,5.90,6.14,6.01,5.02,5.99,5.34,6.42,6.57,6.20,6.41,6.75,6.78,5.99,6.16,
Crosseyed and Painless,1996-10-31,816,9.21,,11.99,13.29,7.66,8.41,7.55,9.17,9.88,,,,,,,,
David Bowie,1986-10-31,15,6.94,1.20,10.11,10.15,10.41,4.01,12.50,11.65,11.94,12.96,12.10,10.06,10.18,9.38,10.00,10.13,10.07
Destiny Unbound,1990-09-14,201,5.56,4.97,,,,,,,,6.33,5.70,5.36,6.77,7.11,7.88,,
Dinner and a Movie,1987-11-19,34,3.59,3.08,3.35,2.13,3.27,3.45,3.42,3.41,3.62,,3.62,3.66,3.73,3.95,,3.88,
Dirt,1997-06-06,860,3.72,3.97,4.49,4.22,4.26,4.49,4.38,4.40,,,,,,,,,
Divided Sky,1987-05-11,23,3.84,11.19,7.74,10.99,12.35,12.46,13.10,12.67,13.62,5.02,15.86,13.83,13.82,14.65,14.55,14.38,15.00
Dog Faced Boy,1994-04-14,575,2.01,2.02,2.25,2.38,2.23,2.32,2.16,2.36,2.57,2.51,2.60,,,,,,
Dogs Stole Things,1997-06-06,860,4.09,4.27,4.38,,4.80,,4.24,4.53,,,,,,,,,
Down with Disease,1994-04-04,567,5.61,7.07,7.65,9.09,9.27,9.37,7.94,7.93,8.60,8.76,9.15,,,,,,
Driver,1998-10-17,964,3.42,3.57,3.69,3.69,3.28,4.26,3.79,,,,,,,,,,
Drowned,1995-10-31,739,4.92,6.81,11.85,5.60,10.20,8.01,9.59,7.42,12.67,,,,,,,,
Esther,1988-09-12,70,1.57,8.51,8.61,8.68,8.60,8.65,8.78,9.02,9.33,,9.21,9.24,11.68,9.40,9.90,,
Farmhouse,1997-11-16,902,5.36,5.19,4.92,5.78,5.55,4.29,4.25,4.99,,,,,,,,,
Fast Enough for You,1992-11-19,434,4.89,5.32,6.22,6.52,7.93,7.34,7.44,6.74,6.91,6.12,6.32,6.00,,,,,
Fee,1987-08-10,26,1.38,4.84,4.86,4.94,4.73,5.03,5.12,5.12,5.08,7.14,6.66,7.84,5.02,6.44,5.18,5.47,5.01
Fire,1984-12-01,3,0.74,4.32,4.09,3.76,4.52,4.41,4.42,3.83,4.34,5.43,4.76,4.23,4.62,4.50,4.27,4.17,4.74
First Tube,1999-09-09,1018,6.24,7.85,6.73,7.23,6.37,6.67,5.91,,,,,,,,,,
Fluffhead,1984-12-01,3,3.94,13.61,13.32,13.46,13.68,13.43,13.48,14.11,14.45,14.51,14.83,14.66,12.46,13.89,14.34,15.73,14.63
Fly Famous Mockingbird,1988-02-07,37,3.73,3.26,3.28,6.22,6.04,6.06,5.95,5.43,,7.27,7.07,8.35,6.78,8.36,2.49,,
Foam,1988-10-29,73,4.29,3.11,7.32,7.15,7.95,8.46,7.12,9.18,9.76,10.27,9.52,7.59,8.27,8.06,8.99,8.17,
Frankenstein,1989-11-11,129,4.64,4.64,,,4.81,4.34,4.78,4.39,4.82,4.72,4.63,4.80,5.76,4.83,4.89,,
Frankie Says,1998-04-02,925,4.70,4.97,5.49,5.48,5.76,4.40,,,,,,,,,,,
Free,1995-05-16,691,6.53,7.36,9.48,9.22,6.98,6.93,6.32,5.97,6.77,6.89,,,,,,,
Free Bird,1987-03-06,19,7.70,,,,,4.20,4.45,,,4.16,13.77,,4.63,,,,
Fuego,2013-10-31,1395,7.60,8.75,9.41,,,,,,,,,,,,,,
Funky Bitch,1986-12-06,16,2.63,4.07,4.84,4.67,4.36,4.45,5.31,4.41,5.95,6.38,6.65,5.11,5.42,6.02,5.65,5.55,6.88
Ghost,1997-06-06,860,8.38,8.18,11.74,9.04,4.09,8.73,7.88,3.83,,,,,,,,,
Ginseng Sullivan,1993-08-11,550,3.33,3.02,3.10,2.77,3.70,0.91,2.99,2.84,3.03,3.45,3.00,,,,,,
Glide,1991-09-27,307,3.75,3.86,4.01,4.15,4.15,3.99,4.37,4.41,4.05,4.03,4.43,5.17,4.72,4.76,,,
Golden Age,2009-11-27,1222,7.41,5.72,7.02,5.72,11.08,,,,,,,,,,,,
Golgi Apparatus,1986-10-12,13,3.32,2.44,3.93,4.31,3.27,4.31,4.39,4.51,4.54,4.47,4.49,4.46,4.44,4.55,4.65,4.79,5.42
Good Times Bad Times,1986-12-06,16,3.53,2.85,1.79,4.88,1.50,4.42,5.03,4.08,6.41,6.38,6.62,5.43,5.51,4.94,5.17,5.19,5.00
Gotta Jibboo,1999-09-10,1019,8.76,8.85,8.59,8.33,7.60,7.66,8.58,,,,,,,,,,
Guelah Papyrus,1991-02-01,234,3.85,1.35,5.18,4.46,5.58,5.40,3.00,5.99,6.02,5.75,5.50,5.47,6.30,5.39,,,
Gumbo,1990-09-28,207,4.76,,,6.13,4.51,4.99,5.06,8.09,8.62,4.57,4.41,4.26,6.20,5.03,4.90,,
Guyute,1994-10-07,641,9.50,10.25,9.82,9.68,10.04,10.36,10.09,10.31,10.15,10.33,,,,,,,
Ha Ha Ha,1995-05-16,691,1.52,1.66,1.58,1.70,0.54,1.65,1.60,2.73,1.64,,,,,,,,
Halfway to the Moon,2010-06-19,1241,5.92,6.08,6.71,6.63,,,,,,,,,,,,,
Halley's Comet,1986-10-12,13,4.62,,,,4.85,4.92,5.12,6.42,13.02,5.09,5.70,5.74,5.52,5.52,5.02,5.74,11.04
Harpua,1987-05-11,23,1.58,13.18,13.20,12.95,13.73,13.65,6.76,7.57,6.04,12.36,,12.70,11.86,22.89,9.67,17.29,
Harry Hood,1985-10-30,7,8.81,10.33,10.41,10.61,11.27,9.63,12.46,10.44,11.15,12.81,12.50,11.41,9.06,9.19,9.02,10.49,13.57
Heavy Things,1999-09-11,1020,2.30,5.68,5.08,5.18,4.79,4.31,,,,,,,,,,,
Hello My Baby,1995-09-27,715,1.36,1.28,1.24,1.39,0.46,,,,,1.78,,,,,,,
Highway to Hell,1989-10-01,116,3.40,3.54,4.29,3.62,3.35,3.36,3.78,3.98,,,3.71,,,,,,
Hold Your Head Up,1990-06-05,194,0.76,0.46,0.97,0.28,0.99,0.89,1.89,1.18,2.68,1.15,1.23,1.23,4.02,7.67,3.98,,
Hold Your Head Up > Love You > Hold Your Head Up,1990-06-07,195,4.75,6.67,8.39,8.44,6.35,,,,9.53,,,,,,,,
Horn,1990-05-24,190,3.19,3.59,3.51,3.26,3.58,3.50,3.63,3.73,3.88,3.68,3.63,3.62,3.57,3.49,3.90,,
"I''m Blue, I''m Lonesome",1994-11-16,667,2.55,,3.46,3.30,3.49,,,,,,,,,,,,
I Am Hydrogen,1986-10-15,14,1.90,2.04,2.42,1.96,2.29,0.85,2.30,2.92,2.99,3.64,3.45,2.53,2.63,2.66,2.76,2.88,
I Didn't Know,1987-11-18,33,2.79,3.50,3.03,3.02,2.75,1.16,3.20,3.21,3.43,3.66,4.00,1.71,4.09,3.59,4.16,3.77,
If I Could,1994-04-04,567,5.52,7.09,6.25,8.57,,7.33,7.85,6.98,8.82,,7.30,,,,,,
It's Ice,1991-09-25,305,5.97,5.07,7.23,8.06,5.52,6.66,7.48,7.45,7.59,7.17,7.07,8.15,8.04,9.46,,,
Jam,1986-10-31,15,1.30,,,0.97,0.64,1.93,2.60,0.80,1.81,2.36,2.76,10.06,3.42,,46.82,37.12,
Jesus Just Left Chicago,1987-08-10,26,4.34,7.70,6.00,7.39,8.72,8.50,10.24,7.96,10.36,11.48,8.38,10.49,8.01,7.86,8.22,8.32,
Joy,2009-06-07,1190,4.89,5.55,5.62,5.36,6.62,,,,,,,,,,,,
Julius,1994-04-04,567,5.34,3.99,6.66,8.56,8.72,8.88,7.34,7.29,6.95,5.88,7.03,,,,,,
Kill Devil Falls,2009-06-02,1186,5.52,6.88,6.69,6.82,8.46,,,,,,,,,,,,
Kung,1989-11-02,125,1.80,,,1.96,0.32,2.00,2.73,2.18,2.83,1.60,3.19,1.70,2.96,,1.65,,
La Grange,1987-08-09,25,1.87,4.32,4.23,,,4.88,,5.49,6.02,5.05,6.30,,,5.28,,,
Lawn Boy,1989-11-30,131,2.23,2.21,2.32,2.43,2.58,2.66,2.66,2.73,2.65,2.73,3.02,2.88,2.82,3.08,2.75,,
Letter to Jimmy Page,1985-10-30,7,0.37,0.98,1.09,,,,1.06,,,,,,0.83,0.52,1.08,0.98,1.26
Lifeboy,1993-02-03,458,7.15,7.34,7.96,7.94,8.41,9.18,8.91,7.88,7.81,,6.66,6.39,,,,,
Light,2009-05-31,1185,5.17,7.47,6.65,7.78,7.29,,,,,,,,,,,,
Limb By Limb,1997-06-06,860,6.42,8.69,8.32,6.83,7.17,6.37,6.98,7.05,,,,,,,,,
Llama,1990-10-30,216,4.01,3.66,3.40,3.93,3.63,3.45,4.04,4.77,3.54,3.45,4.49,2.24,3.88,4.65,,,
Love You,1987-10-31,32,3.32,3.04,3.56,3.82,6.58,6.10,5.00,,,,3.31,2.64,3.81,,4.00,,
Loving Cup,1993-02-03,458,5.91,6.20,5.24,5.66,5.73,6.28,6.51,5.31,5.43,5.32,6.13,5.93,,,,,
Magilla,1990-09-13,200,3.55,3.17,3.87,4.04,,,1.21,2.52,3.82,5.76,,,,,,,
Makisupa Policeman,1984-12-01,3,3.37,4.35,5.23,6.27,,2.83,2.99,4.68,4.66,5.46,4.66,3.76,3.24,3.60,3.60,4.00,1.75
Martian Monster,2014-10-31,1439,3.37,3.74,,,,,,,,,,,,,,,
Maze,1992-01-14,350,4.32,8.83,9.40,9.73,9.16,8.09,11.35,9.95,9.37,8.75,9.08,9.04,8.79,,,,
McGrupp and the Watchful Hosemasters,1985-10-17,6,3.80,4.64,8.54,8.17,8.74,8.49,9.17,8.69,9.22,9.52,11.15,8.92,8.02,8.90,8.83,8.40,
Meat,1998-07-02,931,4.26,4.50,5.57,4.80,4.59,5.41,4.46,,,,,,,,,,
Meatstick,1997-06-25,869,3.86,6.59,6.75,6.00,5.79,5.05,5.38,5.31,,,,,,,,,
Memories,1991-09-26,306,0.52,0.90,1.01,0.79,,,,,,,,,,,,,
Mike's Song,1985-05-03,5,4.61,2.14,2.40,5.86,5.47,5.21,2.59,7.43,9.14,8.51,7.04,6.90,6.35,6.38,6.76,7.43,6.42
Mound,1992-01-14,350,5.31,5.62,5.65,5.66,5.68,,,6.04,5.86,5.92,5.89,5.90,6.04,,,,
"My Friend, My Friend",1992-01-14,350,5.88,5.76,6.02,4.38,6.12,2.32,6.13,6.34,5.94,5.61,5.45,5.56,5.28,,,,
My Mind's Got a Mind of its Own,1992-01-14,350,2.23,2.29,2.33,2.41,2.37,2.44,2.47,2.52,2.82,2.72,3.13,,,,,,
My Soul,1997-02-13,844,4.58,6.15,5.32,6.94,5.65,4.70,5.87,6.13,,,,,,,,,
My Sweet One,1989-09-09,113,2.07,0.29,1.98,1.48,1.87,1.29,2.25,,2.40,2.82,2.20,2.51,2.17,1.98,2.16,2.24,
Narration,1988-06-21,55,3.15,,6.62,3.89,5.16,11.25,,,10.59,,,,,,,,
Nellie Kane,1993-02-23,475,2.66,2.93,3.99,,,3.32,3.06,2.85,2.80,2.78,2.83,2.87,,,,,
NICU,1992-01-14,350,3.14,,5.08,5.17,5.01,5.09,5.11,4.90,4.96,4.90,4.94,5.03,4.89,,,,
No Men In No Man's Land,2015-07-21,1446,6.75,6.65,,,,,,,,,,,,,,,
Ocelot,2009-05-31,1185,7.51,8.25,8.03,8.17,8.31,,,,,,,,,,,,
Party Time,2009-08-15,1210,4.85,6.31,5.24,7.25,8.14,,,,,,,,,,,,
Paul and Silas,1990-09-13,200,2.89,2.72,2.30,2.83,2.77,2.50,2.37,2.75,,,2.39,2.52,2.86,,,,
Peaches en Regalia,1986-10-15,14,2.06,,,,,3.03,3.06,,3.23,,3.41,,3.24,3.32,,3.39,
Piper,1997-06-06,860,4.04,6.42,5.62,5.12,4.82,4.20,5.93,6.44,,,,,,,,,
Poor Heart,1988-08-04,65,3.29,,2.50,1.73,2.26,2.17,2.18,2.26,2.25,2.69,2.36,2.04,2.17,2.23,2.02,2.26,
Possum,1985-10-30,7,5.20,1.46,6.71,7.53,8.90,8.84,10.00,8.25,9.19,5.85,6.96,6.68,7.77,7.65,7.16,8.00,9.49
Prince Caspian,1995-06-08,693,2.73,5.33,8.48,8.34,7.14,5.32,1.65,4.63,5.01,4.75,,,,,,,
Punch You In the Eye,1989-08-17,110,6.57,,,6.70,7.05,7.10,7.47,7.66,8.23,7.75,7.75,7.83,7.60,8.09,8.32,,
Quinn the Eskimo,1986-04-01,11,5.77,,,,,,,,,4.52,5.39,,4.42,4.42,4.66,4.81,
Reba,1989-10-01,116,0.05,9.99,10.40,10.82,10.89,12.45,10.81,11.81,13.36,13.92,11.18,10.60,12.39,11.61,11.05,12.52,
Rift,1990-02-25,157,3.58,7.32,5.91,0.71,3.98,1.10,5.53,6.10,5.99,5.88,6.08,5.83,5.61,6.03,6.13,,
Rock and Roll,1998-10-31,970,6.83,6.24,8.72,7.60,5.68,6.01,6.97,,,,,,,,,,
Rocky Top,1987-09-21,30,2.40,2.44,1.04,2.50,2.30,1.66,2.46,2.42,2.39,2.42,2.66,3.10,2.58,2.47,2.74,2.64,
Roggae,1998-06-30,929,5.72,6.80,9.25,7.89,7.62,8.64,7.51,,,,,,,,,,
Roses Are Free,1997-12-11,918,5.16,5.55,5.46,5.00,5.06,5.33,5.13,,,,,,,,,,
Run Like an Antelope,1985-05-03,5,4.35,0.07,9.11,9.34,10.12,9.38,10.27,7.21,9.14,10.74,8.44,10.03,9.14,9.12,9.00,9.75,8.76
Runaway Jim,1990-03-28,166,1.63,6.00,6.61,3.52,7.03,6.47,6.53,9.06,8.00,7.65,7.05,7.31,6.29,3.93,7.91,,
Sample in a Jar,1993-02-04,459,4.57,4.62,4.71,4.46,4.90,4.80,4.77,4.57,4.59,4.57,4.82,5.85,,,,,
Sand,1999-09-11,1020,8.25,9.37,9.96,6.29,8.28,9.02,10.45,,,,,,,,,,
Sanity,1986-10-15,14,3.83,,,5.21,,4.95,4.67,6.21,6.02,4.88,,3.73,5.03,5.73,4.99,4.56,
Saw It Again,1997-06-06,860,4.78,5.96,5.67,7.88,6.67,4.00,3.53,3.96,,,,,,,,,
Scent of a Mule,1994-04-04,567,6.45,8.03,5.83,5.47,9.16,8.63,7.18,7.27,9.06,9.75,7.33,,,,,,
Scents and Subtle Sounds,2003-07-07,1133,7.15,9.02,5.51,8.05,6.41,,,,,,,,,,,,
Seven Below,2002-12-31,1117,7.08,3.36,7.14,6.14,8.93,,,,,,,,,,,,
Show of Life,2010-06-11,1235,4.91,5.13,5.79,5.62,,,,,,,,,,,,,
Silent in the Morning,1992-01-14,350,3.55,4.63,4.75,4.89,5.09,5.20,5.30,5.02,4.63,4.66,4.58,4.84,4.05,,,,
Simple,1994-05-27,609,4.26,4.91,7.60,7.21,5.89,6.32,6.50,7.11,5.30,5.34,5.39,,,,,,
Slave to the Traffic Light,1984-12-01,3,2.31,5.63,6.42,7.45,,8.81,8.46,9.23,10.39,9.61,10.49,9.82,9.04,9.08,8.70,8.68,8.50
Sleeping Monkey,1992-01-14,350,4.91,4.72,5.16,5.21,4.93,5.98,5.24,5.72,5.01,4.62,5.12,4.55,4.52,,,,
Sneakin' Sally Through the Alley,1985-10-30,7,4.61,,,,,,,,,9.62,7.00,5.54,5.62,5.74,6.55,6.54,5.18
Sparkle,1991-09-25,305,2.15,3.68,3.54,3.59,3.46,3.26,3.82,3.74,3.78,3.68,3.87,3.79,3.50,3.73,,,
Split Open and Melt,1989-04-15,91,3.79,6.81,6.21,7.40,8.41,8.91,8.31,9.86,10.17,9.90,11.80,8.76,10.49,10.17,9.41,10.87,
Stash,1990-09-13,200,7.80,7.16,8.17,9.41,9.60,9.29,10.31,8.26,12.21,8.88,10.02,10.39,9.94,11.08,13.21,,
Stealing Time From the Faulty Plan,2009-06-02,1186,4.81,4.45,4.64,4.88,5.32,,,,,,,,,,,,
Steam,2011-06-04,1291,5.65,6.32,7.42,6.04,,,,,,,,,,,,,
Strange Design,1995-05-16,691,2.76,2.78,2.97,3.08,3.01,2.84,2.98,2.90,,2.91,,,,,,,
Sugar Shack,2009-06-07,1190,5.11,5.74,5.60,6.41,6.99,,,,,,,,,,,,
Suzy Greenberg,1987-02-13,17,3.77,4.48,3.65,4.29,5.06,5.14,5.53,4.61,6.25,4.87,4.85,5.26,5.48,5.80,5.40,5.63,6.94
Sweet Adeline,1990-03-28,166,1.46,1.69,0.73,1.60,1.56,1.69,1.68,1.66,2.15,,,1.77,,2.72,,,
Take the 'A' Train,1987-04-29,22,3.41,4.42,3.29,3.92,3.40,2.75,,,,,,,,,,,
Taste,1995-06-07,692,4.57,5.66,7.50,10.32,8.80,8.41,7.73,7.19,7.62,7.03,,,,,,,
Tela,1988-03-12,43,0.14,6.23,6.29,6.42,6.58,6.56,6.55,6.60,6.63,6.87,,8.00,6.65,6.35,6.96,6.88,
Terrapin,1987-09-21,30,3.28,4.20,4.36,4.72,8.48,6.27,,4.46,,4.68,,7.31,,,,4.19,
The Ballad of Curtis Loew,1987-04-29,22,4.35,5.03,,,4.83,5.04,,,,,12.08,5.40,4.92,4.95,5.03,,5.04
The Curtain,1988-02-24,40,1.52,6.26,6.09,6.06,5.89,6.06,6.04,5.99,6.49,6.46,6.26,,6.69,6.61,,6.72,
The Curtain With,1987-08-09,25,10.65,,,,,,,,,,13.70,6.51,12.71,12.30,12.85,12.64,
The Horse,1992-01-14,350,0.73,1.37,1.24,1.37,0.66,1.30,0.74,0.81,0.82,0.96,0.68,0.65,0.81,,,,
The Landlady,1990-09-13,200,1.66,2.21,3.20,3.24,3.30,,,,,,,,4.57,,3.26,,
The Line,2013-10-31,1395,4.32,5.80,,,,,,,,,,,,,,,
The Lizards,1988-01-27,35,4.07,4.43,3.42,8.95,9.40,8.79,3.12,9.93,10.53,10.87,10.91,10.10,10.23,9.99,10.09,9.88,
The Man Who Stepped Into Yesterday,1987-05-11,23,2.78,3.32,3.51,4.95,5.19,2.61,3.74,,3.51,4.17,3.73,3.94,,,5.54,3.84,
The Mango Song,1989-03-30,89,5.10,6.39,6.66,7.06,6.72,6.81,6.76,7.09,7.41,9.37,7.86,7.52,7.86,7.04,7.20,8.02,
The Moma Dance,1998-06-30,929,7.63,7.70,6.73,6.54,6.20,5.94,6.86,,,,,,,,,,
The Oh Kee Pa Ceremony,1989-08-17,110,0.50,0.44,1.42,1.67,1.62,1.70,1.77,1.86,1.89,1.73,1.73,1.77,1.56,1.88,1.81,,
The Old Home Place,1994-06-26,626,2.58,2.89,3.02,4.00,3.21,3.39,2.66,3.58,3.12,2.92,,,,,,,
The Sloth,1987-08-09,25,2.26,1.05,2.52,3.64,3.63,3.58,3.74,3.64,3.72,3.88,3.95,3.99,3.82,4.24,4.13,3.93,
The Squirming Coil,1990-01-20,142,4.15,5.44,5.46,7.73,7.05,9.51,8.67,7.04,7.76,7.28,7.45,7.86,8.34,9.22,8.31,,
The Wedge,1993-02-03,458,6.28,,4.21,5.10,5.44,5.93,4.71,5.44,5.87,5.54,6.21,6.48,,,,,
Theme From the Bottom,1995-05-16,691,8.31,7.46,9.52,9.34,8.04,7.22,7.17,6.81,7.93,8.63,,,,,,,
Timber (Jerry The Mule),1987-04-29,22,4.77,6.61,,,6.30,,4.73,4.97,5.58,9.58,7.97,5.57,5.17,5.61,5.64,4.88,
Train Song,1996-07-21,788,2.67,2.73,2.90,3.36,2.58,4.64,2.80,2.88,2.77,,,,,,,,
Tube,1990-09-13,200,3.21,1.76,3.65,3.73,3.19,3.34,3.85,4.17,4.44,1.82,3.34,3.31,3.70,5.68,6.34,,
Tweezer,1990-03-28,166,4.98,9.02,9.06,6.34,10.98,9.55,9.18,10.10,11.36,11.01,5.68,8.52,7.47,9.95,9.74,,
Tweezer Reprise,1991-02-01,234,2.63,2.62,2.65,2.98,2.93,2.83,2.85,3.41,3.32,3.01,3.28,3.29,3.17,1.47,,,
Twenty Years Later,2009-06-05,1188,6.61,6.55,6.26,6.53,7.49,,,,,,,,,,,,
Twist,1997-06-06,860,5.44,6.64,4.26,7.30,4.55,6.95,6.13,6.47,,,,,,,,,
Uncle Pen,1990-03-28,166,1.63,4.01,2.60,3.85,3.89,3.99,4.11,4.03,4.67,4.18,4.33,4.49,,4.77,,,
Undermind,2009-03-08,1184,7.17,5.35,6.12,6.54,6.35,,,,,,,,,,,,
Vultures,1997-06-06,860,5.49,5.87,6.82,6.37,5.83,6.78,6.45,7.36,,,,,,,,,
Wading in the Velvet Sea,1997-06-06,860,5.80,3.59,6.25,4.70,4.52,5.38,6.06,5.10,,,,,,,,,
Waiting All Night,2013-10-31,1395,4.50,5.22,4.89,,,,,,,,,,,,,,
Walk Away,1988-07-23,59,1.69,3.60,4.39,,3.60,3.87,,,,3.71,3.61,4.22,6.23,6.19,5.88,7.27,
Walls of the Cave,2002-12-31,1117,14.82,10.26,11.04,10.37,10.68,10.89,,,,,,,,,,,
Waste,1996-06-06,774,4.54,5.48,5.78,6.17,5.44,5.25,4.86,5.25,5.60,,,,,,,,
Water in the Sky,1997-06-06,860,2.54,3.51,4.48,2.99,3.13,3.00,2.85,2.94,,,,,,,,,
Waves,2002-12-31,1117,8.17,7.20,7.20,6.95,6.41,19.34,,,,,,,,,,,
Weekapaug Groove,1988-07-23,59,1.50,2.34,5.42,4.63,3.56,3.50,6.63,6.12,6.19,8.54,1.94,6.07,5.18,5.12,5.95,4.99,
Weigh,1992-01-14,350,5.02,4.91,5.24,5.09,5.03,5.19,5.27,,5.19,5.08,5.12,5.36,5.70,,,,
What's the Use?,1999-07-04,998,6.84,5.71,5.65,4.73,4.85,3.40,5.17,,,,,,,,,,
When the Circus Comes,1997-02-13,844,4.80,4.93,4.33,4.28,4.33,5.07,5.06,4.79,,,,,,,,,
While My Guitar Gently Weeps,1994-10-31,660,5.63,6.69,,6.04,6.84,6.58,6.58,7.14,,7.13,,,,,,,
Whipping Post,1985-11-23,9,3.50,4.17,,5.42,,,,4.73,,,9.06,,,,,,
Wilson,1986-10-12,13,1.97,3.66,4.28,4.05,3.97,4.18,4.05,4.31,4.20,4.31,5.65,1.00,3.80,4.03,4.13,3.94,4.10
Wingsuit,2013-10-31,1395,6.26,8.56,9.10,,,,,,,,,,,,,,
Wolfman's Brother,1994-04-04,567,4.89,4.69,3.88,7.26,8.58,8.30,6.77,6.40,8.34,8.03,8.77,,,,,,
Ya Mar,1987-02-21,18,3.93,5.96,6.16,6.06,6.19,6.23,6.38,5.03,7.44,9.84,7.57,6.95,6.53,6.23,6.48,6.05,
Yarmouth Road,2013-07-05,1362,5.53,6.06,6.59,,,,,,,,,,,,,,
You Enjoy Myself,1986-02-03,10,4.98,0.94,14.46,13.55,15.01,10.98,18.73,11.58,17.48,15.54,16.81,12.58,16.58,17.78,17.69,17.43,17.55
