title,debut_date,order_id,first_100,first_200,first_300,first_400,first_500,first_600,first_700,first_800,first_900,first_1000,first_1100,first_1200,first_1300,first_1400,first_1500,first_1600,first_1700
46 Days,2002-12-14,1115,9.27,1.28,0.92,2.40,1.88,0.79,,,,,,,,,,,
555,2013-10-31,1395,0.45,0.55,0.12,,,,,,,,,,,,,,
A Day in the Life,1995-06-10,695,0.63,1.14,0.13,,0.85,0.84,0.30,0.40,0.50,,,,,,,,
A Song I Heard the Ocean Sing,2004-06-17,1166,5.40,2.43,1.51,5.22,1.64,,,,,,,,,,,,
AC/DC Bag,1986-04-01,11,1.49,0.99,1.13,0.61,1.15,1.26,1.11,0.91,4.62,6.64,5.49,3.93,0.64,0.47,0.57,0.78,0.12
Acoustic Army,1995-06-07,692,0.68,,,,,,,,,,,,,,,,
Alaska,2009-06-09,1191,0.73,0.79,1.06,0.89,0.33,,,,,,,,,,,,
All Things Reconsidered,1991-09-25,305,0.35,0.32,0.23,0.40,,0.74,,,,,,,,,,,
Also Sprach Zarathustra,1993-07-16,531,0.53,0.71,1.64,3.86,4.57,3.89,1.70,1.48,1.06,1.52,2.15,,,,,,
Alumni Blues,1985-10-30,7,2.68,0.69,,,,,,,,,,,1.92,1.42,,0.69,
Alumni Blues > Letter to Jimmy Page > Alumni Blues,1985-10-17,6,1.51,0.57,1.52,,,,,,,,,,,,,,
Amazing Grace,1993-02-03,458,0.71,0.73,1.38,1.46,,,,,,,,,,,,,
Avenu Malkenu,1987-05-11,23,0.68,0.10,0.09,0.07,0.03,0.05,0.04,,0.09,0.12,0.11,0.02,,,,,
Axilla,1992-11-19,434,0.36,0.18,,0.92,2.21,0.86,0.80,0.19,0.46,0.61,0.49,0.20,,,,,
Axilla (Part II),1994-04-16,577,0.82,1.00,,,,,,,,,,,,,,,
Back on the Train,1999-06-30,995,1.71,2.34,2.52,1.71,1.46,1.43,0.85,,,,,,,,,,
Backwards Down the Number Line,2009-03-06,1182,2.95,1.14,1.12,0.74,0.65,,,,,,,,,,,,
Banter,1990-01-20,142,2.24,,3.53,0.69,0.38,,1.14,1.02,2.43,1.88,2.12,,,,1.55,,
Bathtub Gin,1989-05-26,102,0.85,0.64,0.91,1.10,2.48,1.82,5.22,5.58,5.36,2.51,4.87,1.70,1.39,2.79,1.93,0.98,
Beauty of My Dreams,1997-02-16,846,0.46,1.00,0.37,,,,,,,,,,,,,,
Big Ball Jam,1992-11-21,436,0.91,0.39,0.42,,,,,,,,,,,,,,
Big Black Furry Creature from Mars,1987-08-21,27,0.83,1.05,1.46,1.39,2.02,1.75,1.26,0.88,,0.31,0.74,3.80,0.74,0.93,1.03,0.72,
Billy Breathes,1995-09-27,715,0.36,0.83,0.55,0.40,0.39,,,0.15,1.25,,,,,,,,
Birds of a Feather,1998-04-02,925,4.32,1.81,4.01,1.42,1.97,2.37,5.13,,,,,,,,,,
Blaze On,2015-07-21,1446,3.74,3.09,,,,,,,,,,,,,,,
Bold As Love,1988-07-11,57,0.74,0.77,,1.44,0.28,0.50,0.22,0.43,0.39,0.71,0.78,0.52,0.11,1.19,0.40,,
Boogie On Reggae Woman,1987-02-21,18,0.42,,,,,,,,,2.08,4.76,3.42,1.50,1.50,1.21,1.26,
Bouncing Around the Room,1990-01-20,142,0.35,0.37,0.35,0.11,0.08,0.42,0.21,0.34,0.22,0.31,0.37,0.14,0.16,0.25,0.09,,
Brian and Robert,1998-06-30,929,0.70,0.68,0.37,0.13,0.15,0.21,0.32,,,,,,,,,,
Brother,1991-09-25,305,0.53,,,,,1.20,5.61,,1.26,1.47,,,,,,,
Bug,1999-06-30,995,1.36,1.47,0.68,0.80,0.75,0.71,0.50,,,,,,,,,,
Buried Alive,1990-09-13,200,0.56,0.41,0.46,0.41,0.42,0.22,0.38,5.00,,1.27,0.04,0.90,0.46,0.53,0.79,,
Camel Walk,1984-11-03,2,1.58,,,,,,,,0.69,0.03,0.23,0.38,0.47,0.28,0.52,1.77,
Caravan,1990-01-20,142,1.12,0.82,,0.90,2.39,,,,,,,,,,,,
Carini,1997-02-17,847,5.84,3.52,1.15,1.30,2.04,3.46,4.25,3.68,,,,,,,,,
Carolina,1990-01-20,142,0.37,0.71,0.52,1.03,0.27,0.81,0.04,,0.86,,,,,,,,
Cars Trucks Buses,1995-09-27,715,0.44,1.22,0.39,0.93,1.40,0.16,0.62,,,,,,,,,,
Cavern,1990-03-28,166,0.38,0.29,0.75,0.67,0.69,0.53,1.26,0.86,0.83,1.14,0.85,0.26,0.77,1.10,0.23,,
Chalk Dust Torture,1991-02-01,234,0.62,0.72,0.54,0.82,1.05,0.93,1.93,2.32,1.91,4.48,2.11,5.63,5.94,4.69,,,
Character Zero,1996-06-06,774,0.91,2.66,0.85,1.48,1.32,1.17,0.90,1.59,0.49,,,,,,,,
Cities,1984-12-01,3,0.74,,,,,,,,6.71,2.60,1.54,4.56,1.77,1.29,3.21,2.53,
Cold as Ice,1992-01-14,350,0.87,,,,,,,,,,,,,,,,
Colonel Forbin's Ascent,1988-03-12,43,1.24,1.34,1.58,2.49,3.92,2.81,2.72,1.54,,,,,2.91,,3.66,,
Contact,1988-06-15,52,1.08,0.65,0.55,0.97,0.49,0.46,0.26,0.40,0.78,0.12,0.73,0.61,0.02,0.37,0.67,0.56,
Crosseyed and Painless,1996-10-31,816,5.91,,4.84,6.06,2.05,3.70,3.60,7.22,1.97,,,,,,,,
David Bowie,1986-10-31,15,3.01,3.55,1.39,1.89,1.47,3.38,6.03,2.45,3.85,3.32,3.74,3.11,1.37,1.65,0.96,1.12,2.70
Destiny Unbound,1990-09-14,201,0.56,0.27,,,,,,,,0.72,0.72,0.65,0.06,0.64,1.41,,
Dinner and a Movie,1987-11-19,34,1.06,0.22,0.38,0.38,0.30,0.24,,0.54,,,,0.23,0.45,0.05,,,
Dirt,1997-06-06,860,0.30,0.58,0.32,0.39,0.37,0.35,0.35,0.18,,,,,,,,,
Divided Sky,1987-05-11,23,3.97,0.90,1.02,1.01,0.89,0.68,1.02,1.27,0.82,3.54,0.72,1.47,0.94,1.18,0.94,0.90,
Dog Faced Boy,1994-04-14,575,0.52,1.87,,1.80,0.35,0.35,0.61,,0.32,,,,,,,,
Dogs Stole Things,1997-06-06,860,0.35,0.35,0.62,,0.38,,0.74,,,,,,,,,,
Down with Disease,1994-04-04,567,1.68,8.79,4.46,5.14,4.20,5.52,4.05,3.91,4.28,4.85,3.56,,,,,,
Driver,1998-10-17,964,0.46,0.10,0.40,1.30,,0.09,0.06,,,,,,,,,,
Drowned,1995-10-31,739,5.32,5.86,2.11,8.51,5.49,2.64,4.45,7.64,0.68,,,,,,,,
Esther,1988-09-12,70,1.71,0.25,0.39,0.48,0.59,0.46,0.22,0.13,0.10,,,0.59,,0.46,,,
Farmhouse,1997-11-16,902,0.35,1.00,1.03,0.69,2.15,0.83,1.04,0.62,,,,,,,,,
Fast Enough for You,1992-11-19,434,0.50,0.54,0.35,0.67,,0.90,0.72,0.56,0.28,1.19,0.05,,,,,,
Fee,1987-08-10,26,0.81,0.22,0.37,0.23,0.25,0.44,0.29,0.37,1.70,2.31,1.57,1.44,0.85,2.72,,0.72,
Fire,1984-12-01,3,1.40,1.03,0.36,0.41,0.47,1.04,0.40,0.62,1.39,0.98,0.15,1.63,0.13,3.12,0.74,,
First Tube,1999-09-09,1018,1.55,0.72,0.91,0.85,1.35,1.05,,,,,,,,,,,
Fluffhead,1984-12-01,3,3.00,0.71,0.46,0.44,0.31,0.51,0.54,0.44,0.73,2.12,2.74,1.02,0.77,0.68,0.48,0.78,1.11
Fly Famous Mockingbird,1988-02-07,37,1.27,1.16,0.90,0.31,1.92,2.09,0.15,0.91,,,,,0.49,,6.05,,
Foam,1988-10-29,73,0.97,1.26,0.49,0.58,0.73,0.79,1.07,0.80,1.15,0.66,0.78,0.54,0.74,0.10,0.06,,
Frankenstein,1989-11-11,129,0.26,0.46,,,0.08,0.32,0.36,1.68,1.43,1.22,0.83,0.30,,0.55,1.52,,
Frankie Says,1998-04-02,925,1.53,0.60,2.66,,,0.16,,,,,,,,,,,
Free,1995-05-16,691,4.45,1.69,0.95,1.99,1.79,0.65,0.57,1.06,1.29,2.78,,,,,,,
Free Bird,1987-03-06,19,,,,,,0.72,,,,0.71,,,,,,,
Fuego,2013-10-31,1395,3.58,3.20,2.68,,,,,,,,,,,,,,
Funky Bitch,1986-12-06,16,1.53,0.86,1.36,,0.90,0.21,0.48,1.13,2.49,0.92,1.02,0.76,0.58,0.58,0.40,0.76,0.52
Ghost,1997-06-06,860,4.61,4.22,5.85,3.27,3.36,2.34,3.69,3.37,,,,,,,,,
Ginseng Sullivan,1993-08-11,550,0.44,0.04,0.15,0.45,0.21,1.37,0.54,0.35,0.21,0.65,,,,,,,
Glide,1991-09-27,307,0.26,0.48,0.62,0.33,0.10,0.27,,0.99,0.18,,0.52,0.17,,,,,
Golden Age,2009-11-27,1222,1.88,3.31,5.55,5.64,4.75,,,,,,,,,,,,
Golgi Apparatus,1986-10-12,13,0.60,0.64,0.57,0.43,0.63,0.61,0.41,0.36,1.41,1.33,1.47,0.24,0.26,0.57,0.35,0.58,
Good Times Bad Times,1986-12-06,16,1.23,0.78,1.11,1.19,1.38,0.82,1.02,0.99,1.23,0.83,0.42,1.90,0.75,0.66,0.67,0.27,0.03
Gotta Jibboo,1999-09-10,1019,3.86,3.01,1.34,0.62,1.03,2.57,0.35,,,,,,,,,,
Guelah Papyrus,1991-02-01,234,0.49,1.09,0.81,0.45,0.18,0.32,1.43,0.15,0.62,0.08,0.52,0.29,0.00,0.23,,,
Gumbo,1990-09-28,207,0.74,,,0.92,0.36,0.28,5.31,2.61,1.95,5.78,0.59,0.64,0.57,1.65,0.85,,
Guyute,1994-10-07,641,0.67,0.41,0.45,0.94,1.13,1.49,0.48,0.35,0.76,0.27,,,,,,,
Ha Ha Ha,1995-05-16,691,0.28,0.98,0.33,0.19,,0.40,0.26,0.16,,,,,,,,,
Halfway to the Moon,2010-06-19,1241,0.67,0.44,0.82,0.74,,,,,,,,,,,,,
Halley's Comet,1986-10-12,13,2.61,,,,0.23,0.54,0.59,2.49,7.96,7.17,7.55,3.10,1.62,0.42,0.86,1.31,1.00
Harpua,1987-05-11,23,3.88,0.96,0.41,1.89,1.77,1.44,4.27,4.80,3.74,6.41,,1.19,2.45,,,,
Harry Hood,1985-10-30,7,1.89,1.09,0.80,0.97,1.13,1.24,1.92,1.96,2.40,2.29,2.58,4.54,2.02,2.76,2.11,2.44,1.74
Heavy Things,1999-09-11,1020,1.41,0.70,0.73,0.71,0.83,0.94,,,,,,,,,,,
Hello My Baby,1995-09-27,715,0.45,0.40,0.78,0.57,0.71,,,,,,,,,,,,
Highway to Hell,1989-10-01,116,0.37,0.42,0.18,1.29,0.68,0.18,0.01,0.07,,,0.64,,,,,,
Hold Your Head Up,1990-06-05,194,0.70,1.19,0.99,1.20,1.90,0.83,1.95,1.75,1.30,1.91,1.84,2.04,0.68,,,,
Hold Your Head Up > Love You > Hold Your Head Up,1990-06-07,195,1.44,0.77,0.85,1.09,0.82,,,,,,,,,,,,
Horn,1990-05-24,190,0.37,0.25,0.12,0.23,0.29,0.31,0.60,0.27,0.36,0.15,0.50,0.37,0.12,0.36,0.02,,
"I''m Blue, I''m Lonesome",1994-11-16,667,0.42,,,,,,,,,,,,,,,,
I Am Hydrogen,1986-10-15,14,0.27,0.44,0.54,0.31,0.49,0.85,0.32,0.31,0.78,1.06,1.67,0.31,0.21,0.12,0.06,0.20,
I Didn't Know,1987-11-18,33,1.00,0.38,0.36,0.51,1.36,0.98,1.03,0.40,0.38,0.71,0.63,1.22,0.59,0.35,2.10,0.26,
If I Could,1994-04-04,567,0.63,0.58,0.52,,,,0.10,0.52,,,0.78,,,,,,
It's Ice,1991-09-25,305,0.72,0.79,0.94,0.51,1.27,1.20,1.16,2.87,1.31,0.37,0.43,0.40,3.25,,,,
Jam,1986-10-31,15,6.00,,,2.58,1.88,0.16,9.44,15.02,4.83,8.23,8.64,19.22,20.55,,,,
Jesus Just Left Chicago,1987-08-10,26,3.30,1.28,1.11,0.79,0.23,0.81,0.48,0.95,1.24,0.21,2.23,,0.27,0.79,,,
Joy,2009-06-07,1190,0.50,0.16,0.40,0.37,,,,,,,,,,,,,
Julius,1994-04-04,567,0.61,1.25,1.08,2.23,0.86,0.65,0.94,1.09,0.71,0.98,0.56,,,,,,
Kill Devil Falls,2009-06-02,1186,1.96,1.18,3.78,1.57,1.17,,,,,,,,,,,,
Kung,1989-11-02,125,,,,3.17,1.05,0.45,0.95,,0.60,,1.13,0.27,0.00,,,,
La Grange,1987-08-09,25,1.25,0.65,0.66,,,0.40,,,0.78,2.85,,,,,,,
Lawn Boy,1989-11-30,131,0.36,0.26,0.10,0.29,0.45,0.45,0.15,0.29,0.45,0.34,0.26,0.25,0.81,7.32,0.54,,
Letter to Jimmy Page,1985-10-30,7,0.55,0.19,,,,,0.11,,,,,,0.12,0.28,,0.28,
Lifeboy,1993-02-03,458,0.41,0.50,0.46,0.32,0.29,,,0.91,,,,0.36,,,,,
Light,2009-05-31,1185,2.94,3.49,2.72,3.27,2.95,,,,,,,,,,,,
Limb By Limb,1997-06-06,860,1.89,1.94,1.85,1.52,1.68,1.83,0.76,2.29,,,,,,,,,
Llama,1990-10-30,216,0.59,0.59,0.70,0.48,1.58,1.08,2.28,1.35,1.80,1.04,3.38,1.39,0.98,0.91,,,
Love You,1987-10-31,32,1.69,1.75,1.27,1.24,0.84,,0.40,,,,,2.10,,,,,
Loving Cup,1993-02-03,458,0.27,0.25,0.36,0.66,1.65,1.20,1.81,0.94,0.52,0.68,0.85,2.30,,,,,
Magilla,1990-09-13,200,0.98,0.35,,0.83,,,3.12,,0.30,,,,,,,,
Makisupa Policeman,1984-12-01,3,2.31,1.51,,,,1.69,2.00,1.03,1.33,1.86,1.31,1.21,1.90,1.88,1.17,2.30,
Martian Monster,2014-10-31,1439,3.08,0.82,,,,,,,,,,,,,,,
Maze,1992-01-14,350,0.90,0.58,0.71,1.30,1.18,2.22,1.34,2.26,1.97,0.72,1.06,0.61,0.65,,,,
McGrupp and the Watchful Hosemasters,1985-10-17,6,1.61,1.61,0.54,0.68,0.45,1.15,0.47,0.73,1.88,0.85,1.41,0.23,0.76,0.53,0.67,0.60,
Meat,1998-07-02,931,1.93,1.58,1.39,0.59,0.56,0.73,1.61,,,,,,,,,,
Meatstick,1997-06-25,869,,4.05,1.71,1.79,3.31,1.23,2.19,0.41,,,,,,,,,
Memories,1991-09-26,306,0.35,0.54,0.36,,,,,,,,,,,,,,
Mike's Song,1985-05-03,5,2.43,0.97,0.79,0.78,1.16,1.82,3.60,4.06,2.83,3.38,2.63,1.62,0.86,0.71,2.03,3.88,1.16
Mound,1992-01-14,350,0.38,0.14,0.33,0.24,0.18,,,,,1.21,0.17,0.27,0.19,,,,
"My Friend, My Friend",1992-01-14,350,0.56,0.63,0.69,0.92,0.42,2.28,0.38,0.38,0.20,0.27,0.31,1.88,0.40,,,,
My Mind's Got a Mind of its Own,1992-01-14,350,0.13,0.19,0.96,0.22,0.15,0.65,0.11,0.60,0.33,,,,,,,,
My Soul,1997-02-13,844,1.11,0.73,2.17,,1.37,0.41,0.76,0.27,,,,,,,,,
My Sweet One,1989-09-09,113,0.48,0.58,0.73,0.99,0.77,0.89,0.11,,0.61,2.09,0.08,0.44,0.58,0.35,0.67,,
Narration,1988-06-21,55,2.05,,,2.62,3.05,2.28,,,,,,,,,,,
Nellie Kane,1993-02-23,475,0.63,1.31,,,,0.41,,0.15,0.30,0.31,0.20,0.10,,,,,
NICU,1992-01-14,350,1.69,,0.38,0.29,1.17,0.49,0.68,0.57,0.65,0.24,0.86,0.58,1.38,,,,
No Men In No Man's Land,2015-07-21,1446,4.69,3.87,,,,,,,,,,,,,,,
Ocelot,2009-05-31,1185,0.73,0.83,1.22,1.56,0.09,,,,,,,,,,,,
Party Time,2009-08-15,1210,1.27,0.98,1.11,1.03,0.30,,,,,,,,,,,,
Paul and Silas,1990-09-13,200,0.52,0.21,0.37,0.49,0.71,,,0.04,,,0.83,0.91,,,,,
Peaches en Regalia,1986-10-15,14,0.53,,,,,0.29,0.23,,0.25,,1.21,,0.13,0.30,,0.05,
Piper,1997-06-06,860,4.72,5.26,5.23,5.23,2.74,2.25,3.54,2.63,,,,,,,,,
Poor Heart,1988-08-04,65,,,0.26,0.39,0.17,0.33,1.39,0.21,2.82,0.93,0.28,0.20,0.44,0.26,0.36,0.16,
Possum,1985-10-30,7,1.44,1.79,0.95,1.70,1.21,1.17,1.62,1.89,1.65,2.09,1.81,1.46,0.76,0.93,0.80,1.64,0.35
Prince Caspian,1995-06-08,693,1.24,1.34,1.49,1.47,1.56,1.06,2.10,3.66,3.39,1.15,,,,,,,
Punch You In the Eye,1989-08-17,110,0.67,,,0.72,0.41,0.31,0.47,0.93,0.68,0.88,0.51,0.33,0.60,0.53,0.37,,
Quinn the Eskimo,1986-04-01,11,1.29,,,,,,,,,1.70,0.70,,1.53,0.79,0.35,0.65,
Reba,1989-10-01,116,1.90,0.63,0.66,1.05,1.65,1.77,1.50,1.46,1.86,1.90,2.11,1.37,0.50,1.12,1.23,,
Rift,1990-02-25,157,1.08,0.46,0.81,0.70,0.41,0.97,0.29,,0.13,0.20,0.23,0.41,0.46,0.43,0.16,,
Rock and Roll,1998-10-31,970,7.24,3.86,3.59,4.55,2.98,1.15,0.11,,,,,,,,,,
Rocky Top,1987-09-21,30,0.77,0.44,0.48,0.32,0.77,0.62,0.29,0.19,0.83,0.24,0.54,,0.15,0.06,1.15,0.24,
Roggae,1998-06-30,929,0.97,0.79,0.38,1.22,0.60,0.54,0.88,,,,,,,,,,
Roses Are Free,1997-12-11,918,7.55,14.88,0.00,0.22,1.32,0.31,0.24,,,,,,,,,,
Run Like an Antelope,1985-05-03,5,2.38,2.83,0.78,1.62,1.03,2.47,2.13,1.95,2.29,2.04,2.07,1.56,0.90,1.26,1.23,1.28,0.61
Runaway Jim,1990-03-28,166,0.93,0.59,0.75,1.27,0.79,4.85,2.39,14.65,3.97,7.64,1.36,2.72,2.61,2.14,4.07,,
Sample in a Jar,1993-02-04,459,0.28,0.69,0.48,0.43,0.36,0.36,0.41,0.57,0.46,0.96,1.63,0.11,,,,,
Sand,1999-09-11,1020,3.76,9.10,1.46,2.89,2.20,0.84,3.78,,,,,,,,,,
Sanity,1986-10-15,14,1.55,,,0.73,,,,,,0.49,,,1.49,0.10,1.01,0.53,
Saw It Again,1997-06-06,860,2.37,0.25,0.50,,0.01,1.62,0.88,1.46,,,,,,,,,
Scent of a Mule,1994-04-04,567,1.08,1.77,2.51,2.46,1.95,1.26,0.75,1.13,0.88,0.53,0.72,,,,,,
Scents and Subtle Sounds,2003-07-07,1133,6.88,0.59,,3.02,3.95,,,,,,,,,,,,
Seven Below,2002-12-31,1117,5.49,5.85,2.78,1.40,3.28,,,,,,,,,,,,
Show of Life,2010-06-11,1235,1.27,0.38,0.04,1.81,,,,,,,,,,,,,
Silent in the Morning,1992-01-14,350,0.78,0.15,0.17,0.25,0.13,0.20,0.18,0.54,0.30,0.28,0.52,0.23,0.68,,,,
Simple,1994-05-27,609,5.23,2.22,3.27,5.08,1.76,3.44,3.05,1.73,4.59,7.18,7.15,,,,,,
Slave to the Traffic Light,1984-12-01,3,1.49,0.66,,,,1.00,1.88,1.23,1.81,1.67,1.66,1.39,0.93,1.13,1.26,1.12,1.05
Sleeping Monkey,1992-01-14,350,0.56,0.94,0.30,0.38,0.69,1.21,0.39,0.61,0.49,1.68,0.34,0.98,0.81,,,,
Sneakin' Sally Through the Alley,1985-10-30,7,1.98,,,,,,,,,2.15,1.34,4.79,2.53,2.86,4.70,1.09,
Sparkle,1991-09-25,305,0.32,0.42,0.11,0.11,0.11,0.23,0.56,0.13,0.27,0.26,0.44,0.15,0.24,0.75,,,
Split Open and Melt,1989-04-15,91,1.26,0.84,0.91,0.85,1.66,2.07,2.35,1.37,2.13,2.89,6.95,1.56,2.52,1.17,3.78,2.12,
Stash,1990-09-13,200,0.61,0.66,1.17,1.63,1.21,3.74,3.95,3.43,1.73,3.51,1.89,1.03,0.92,1.57,,,
Stealing Time From the Faulty Plan,2009-06-02,1186,0.79,1.17,0.63,1.19,1.25,,,,,,,,,,,,
Steam,2011-06-04,1291,1.65,2.36,1.93,1.42,,,,,,,,,,,,,
Strange Design,1995-05-16,691,0.69,0.54,0.18,0.34,0.57,0.22,0.28,0.37,,0.23,,,,,,,
Sugar Shack,2009-06-07,1190,0.56,0.31,0.45,0.20,,,,,,,,,,,,,
Suzy Greenberg,1987-02-13,17,0.88,1.04,0.60,0.39,0.38,0.47,0.94,0.97,3.29,2.73,1.48,1.85,1.34,0.58,0.52,0.60,
Sweet Adeline,1990-03-28,166,0.46,0.54,0.48,0.61,0.39,0.51,0.77,0.97,,,,,,,,,
Take the 'A' Train,1987-04-29,22,1.63,0.68,0.71,0.49,0.76,1.04,,,,,,,,,,,
Taste,1995-06-07,692,1.49,1.74,1.48,0.97,1.51,0.49,0.88,0.68,6.10,0.11,,,,,,,
Tela,1988-03-12,43,4.39,0.11,0.16,0.20,0.09,0.20,0.12,0.81,,0.17,,,0.12,0.71,0.28,0.11,
Terrapin,1987-09-21,30,1.00,0.80,0.21,1.16,0.74,,,,,,,,,,,,
The Ballad of Curtis Loew,1987-04-29,22,0.43,0.17,,,0.02,,,,,,,,0.46,0.14,0.21,,
The Curtain,1988-02-24,40,1.61,0.18,0.27,0.31,0.27,0.39,0.33,0.49,0.39,0.55,0.17,,,,,,
The Curtain With,1987-08-09,25,2.03,,,,,,,,,,1.37,3.76,1.07,0.92,0.97,0.96,
The Horse,1992-01-14,350,0.19,0.45,0.30,0.13,0.27,0.03,0.41,0.14,0.16,0.14,0.27,0.27,0.24,,,,
The Landlady,1990-09-13,200,1.00,0.77,0.38,1.12,1.00,,,,,,,,0.11,,2.26,,
The Line,2013-10-31,1395,0.72,0.78,,,,,,,,,,,,,,,
The Lizards,1988-01-27,35,1.35,1.11,1.29,0.36,0.71,0.73,1.61,0.52,1.09,1.01,0.29,0.49,0.36,0.44,0.37,0.33,
The Man Who Stepped Into Yesterday,1987-05-11,23,0.97,1.25,0.56,1.06,0.39,1.20,0.70,,1.71,1.15,0.31,0.36,,,,0.81,
The Mango Song,1989-03-30,89,1.26,0.51,0.28,0.45,0.90,0.19,0.77,0.14,0.37,1.30,1.09,0.23,0.38,0.68,0.37,,
The Moma Dance,1998-06-30,929,1.60,1.98,2.75,0.89,0.46,2.86,1.47,,,,,,,,,,
The Oh Kee Pa Ceremony,1989-08-17,110,0.23,0.30,0.22,0.03,0.05,0.01,0.62,0.09,0.17,,0.07,0.03,0.13,,0.09,,
The Old Home Place,1994-06-26,626,0.90,0.44,0.43,0.14,0.35,0.48,,,0.19,0.56,,,,,,,
The Sloth,1987-08-09,25,1.25,0.79,0.29,0.23,0.08,0.06,0.05,0.13,0.13,0.41,0.14,0.33,0.40,0.31,0.51,0.41,
The Squirming Coil,1990-01-20,142,0.54,0.64,0.85,1.11,1.30,0.84,1.01,2.01,1.46,1.13,0.99,0.84,0.53,0.80,0.45,,
The Wedge,1993-02-03,458,0.26,,0.15,,0.71,1.12,1.65,0.62,0.82,1.84,0.71,0.61,,,,,
Theme From the Bottom,1995-05-16,691,1.14,0.97,0.86,2.02,2.51,0.73,0.63,2.24,0.90,0.74,,,,,,,
Timber (Jerry The Mule),1987-04-29,22,2.09,0.12,,,,,0.66,1.19,3.88,0.21,1.03,1.44,0.72,0.52,0.59,1.37,
Train Song,1996-07-21,788,0.16,0.28,0.16,,0.23,,0.41,0.13,0.60,,,,,,,,
Tube,1990-09-13,200,0.35,0.57,,,,0.22,0.55,2.34,1.64,3.28,1.03,0.94,1.25,2.41,2.45,,
Tweezer,1990-03-28,166,1.30,0.89,1.49,2.56,4.53,9.69,3.89,3.65,3.17,6.04,2.92,2.56,6.48,3.52,7.57,,
Tweezer Reprise,1991-02-01,234,0.77,0.81,0.58,0.92,0.77,1.25,2.38,1.26,0.87,2.64,0.90,0.54,0.99,1.16,,,
Twenty Years Later,2009-06-05,1188,0.95,0.29,2.91,2.67,5.84,,,,,,,,,,,,
Twist,1997-06-06,860,4.47,2.47,4.28,5.90,1.99,3.26,4.21,2.41,,,,,,,,,
Uncle Pen,1990-03-28,166,0.64,0.39,0.30,0.15,0.10,0.17,0.16,0.12,0.37,2.37,0.16,0.24,,0.24,,,
Undermind,2009-03-08,1184,0.74,3.82,1.24,1.15,1.14,,,,,,,,,,,,
Vultures,1997-06-06,860,1.59,2.18,1.78,0.93,1.10,0.32,0.86,0.64,,,,,,,,,
Wading in the Velvet Sea,1997-06-06,860,1.01,1.43,1.08,0.93,0.93,0.94,0.97,0.72,,,,,,,,,
Waiting All Night,2013-10-31,1395,0.47,0.43,,,,,,,,,,,,,,,
Walk Away,1988-07-23,59,0.82,0.46,,,0.33,5.37,,,,1.22,0.31,1.27,1.32,0.32,0.77,0.31,
Walls of the Cave,2002-12-31,1117,2.43,1.16,0.48,0.65,0.68,0.17,,,,,,,,,,,
Waste,1996-06-06,774,0.84,0.90,1.86,0.79,0.22,0.14,0.49,0.45,0.20,,,,,,,,
Water in the Sky,1997-06-06,860,0.57,0.88,0.92,0.86,0.14,0.33,0.73,0.69,,,,,,,,,
Waves,2002-12-31,1117,2.03,8.24,2.13,1.50,2.85,,,,,,,,,,,,
Weekapaug Groove,1988-07-23,59,1.30,1.05,1.06,1.59,2.92,2.54,2.65,3.29,2.96,2.37,2.86,2.70,1.44,2.42,1.50,2.37,
Weigh,1992-01-14,350,0.30,0.32,0.37,0.25,0.15,0.18,,,0.35,0.42,,1.13,0.21,,,,
What's the Use?,1999-07-04,998,0.91,0.99,0.21,0.19,0.66,0.81,0.61,,,,,,,,,,
When the Circus Comes,1997-02-13,844,0.21,0.71,0.49,0.66,0.46,0.71,0.34,0.65,,,,,,,,,
While My Guitar Gently Weeps,1994-10-31,660,0.41,0.28,,1.81,0.78,0.61,0.30,0.04,,,,,,,,,
Whipping Post,1985-11-23,9,5.15,2.61,,0.43,,,,,,,,,,,,,
Wilson,1986-10-12,13,1.21,0.40,0.42,0.85,1.26,0.93,0.69,0.57,0.86,1.46,0.93,1.30,1.06,0.49,0.31,1.41,0.17
Wingsuit,2013-10-31,1395,0.92,0.71,0.94,,,,,,,,,,,,,,
Wolfman's Brother,1994-04-04,567,1.40,0.84,3.12,6.25,5.63,2.27,2.00,1.97,1.13,2.00,2.21,,,,,,
Ya Mar,1987-02-21,18,1.10,0.60,0.41,0.42,0.38,1.02,1.13,1.10,2.07,2.87,3.11,2.76,0.74,0.58,1.26,1.06,
Yarmouth Road,2013-07-05,1362,0.46,0.40,0.56,,,,,,,,,,,,,,
You Enjoy Myself,1986-02-03,10,3.08,2.61,1.23,1.78,2.70,3.36,1.81,6.09,3.65,3.36,2.64,3.87,1.37,2.08,2.33,2.03,1.00
